first_name,second_name,team,now_cost,total_points,points_per_game,transfers_in,transfers_out,value_season,minutes,goals_scored,assists,clean_sheets,goals_conceded,own_goals,penalties_saved,penalties_missed,yellow_cards,saves,bonus,bps,influence,creativity,threat,ict_index,influence_rank,creativity_rank,threat_rank,ict_index_rank
Bernd,Leno,1,45,10,2.5,80503,204514,2.2,360,0,0,1,9,0,0,0,0,10,0,69,85.0,0.0,0.0,8.5,392,614,596,440
Rúnar Alex,Rúnarsson,1,40,0,0.0,19017,80861,0.0,0,0,0,0,0,0,0,0,0,0,0,0,0.0,0.0,0.0,0.0,536,522,487,540
Willian,Borges Da Silva,1,63,0,0.0,914,20531,0.0,0,0,0,0,0,0,0,0,0,0,0,0,0.0,0.0,0.0,0.0,727,727,727,727
Pierre-Emerick,Aubameyang,1,96,44,3.1,742898,899320,4.6,1036,4,1,6,16,0,0,2,3,0,7,131,217.6,132.4,582.0,92.9,285,241,54,164
Cédric,Soares,1,42,33,1.8,63294,50991,7.9,1250,0,0,3,21,0,0,0,3,0,0,243,239.6,280.7,75.0,59.7,273,142,314,259
Alexandre,Lacazette,1,81,87,3.2,1724682,1652630,10.7,1705,4,8,10,16,0,0,1,0,0,3,293,376.4,384.1,724.0,148.1,179,93,38,57
Granit,Xhaka,1,48,56,2.3,46626,93345,11.7,2085,1,2,6,32,0,0,0,8,0,3,307,366.2,473.0,246.0,108.6,186,61,175,116
Pablo,Marí,1,42,1,0.5,5760,15092,0.2,180,0,0,0,4,0,0,0,1,0,0,35,55.4,12.3,11.0,7.9,416,423,411,442
Héctor,Bellerín,1,48,0,0.0,3737,70753,0.0,0,0,0,0,0,0,0,0,0,0,0,0,0.0,0.0,0.0,0.0,695,694,682,695
Sead,Kolasinac,1,42,0,0.0,3727,11664,0.0,91,0,0,0,5,0,0,0,1,0,0,6,4.2,0.2,0.0,0.4,487,486,547,506
Mohamed Naser,El Sayed Elneny,1,44,21,1.9,43544,75534,4.8,531,0,2,0,11,0,0,0,1,0,0,112,121.8,109.4,23.0,25.5,367,267,387,374
Ainsley,Maitland-Niles,1,52,12,1.5,4745,9790,2.3,263,0,0,2,4,0,0,0,0,0,0,44,42.6,41.3,9.0,9.3,432,364,418,433
Rob,Holding,1,41,30,2.3,107863,191483,7.3,718,1,0,2,12,0,0,0,2,0,2,147,242.4,6.3,49.0,29.9,270,438,352,349
Thomas,Partey,1,50,71,3.0,92443,87733,14.2,2027,2,2,10,25,0,0,0,6,0,4,345,359.6,275.5,394.0,103.0,189,145,106,127
Kieran,Tierney,1,49,106,4.8,2015717,2234055,21.6,1916,1,3,11,21,0,0,0,0,0,11,454,365.2,335.9,198.0,90.1,187,115,207,175
Nicolas,Pépé,1,69,40,2.2,138031,358570,5.8,652,1,3,2,8,0,0,0,0,0,1,111,123.2,203.0,387.0,71.0,366,185,109,231
Lucas,Torreira,1,45,0,0.0,6292,34048,0.0,0,0,0,0,0,0,0,0,0,0,0,0,0.0,0.0,0.0,0.0,627,623,606,629
Edward,Nketiah,1,56,46,2.6,832868,88260,8.2,595,4,1,0,12,0,0,0,2,0,6,162,206.8,127.3,296.0,62.8,294,249,148,255
Emile,Smith Rowe,1,57,124,4.0,3937520,3667918,21.8,1831,10,2,8,28,0,0,0,0,0,9,434,549.2,441.1,576.0,156.5,94,70,55,50
Bukayo,Saka,1,67,170,4.9,5044522,3473654,25.4,2721,11,8,13,33,0,0,0,6,0,18,537,764.2,913.5,1336.0,301.1,19,7,5,4
Gabriel,Magalhães,1,54,135,4.2,1571899,877856,25.0,2826,4,0,13,33,0,0,0,6,0,16,633,670.2,128.2,451.0,124.8,40,244,82,87
Konstantinos,Mavropanos,1,45,0,0.0,0,45,0.0,0,0,0,0,0,0,0,0,0,0,0,0,0.0,0.0,0.0,0.0,646,642,628,648
Mattéo,Guendouzi,1,45,0,0.0,0,129,0.0,0,0,0,0,0,0,0,0,0,0,0,0,0.0,0.0,0.0,0.0,649,646,632,651
Gabriel Teodoro,Martinelli Silva,1,53,95,3.7,1403255,1120174,17.9,1665,5,6,7,19,0,0,0,1,0,4,298,397.2,415.1,693.0,150.6,163,80,43,55
William,Saliba,1,45,0,0.0,0,185,0.0,0,0,0,0,0,0,0,0,0,0,0,0,0.0,0.0,0.0,0.0,668,665,652,669
Ben,White,1,46,109,3.5,1821548,2480142,23.7,2790,0,0,13,33,0,0,0,2,0,9,551,565.4,171.7,150.0,88.7,78,208,235,181
Nuno,Varela Tavares,1,43,44,2.3,185328,122522,10.2,1004,1,1,3,17,0,0,0,2,0,2,184,184.4,152.5,201.0,53.9,312,228,203,281
Albert,Sambi Lokonga,1,48,31,1.7,21856,33785,6.5,1102,0,0,7,11,0,0,0,5,0,0,170,181.8,250.7,87.0,51.9,314,160,303,292
Folarin,Balogun,1,47,2,1.0,62383,81588,0.4,69,0,0,0,1,0,0,0,0,0,0,2,4.2,3.7,17.0,1.9,488,446,404,484
Reiss,Nelson,1,50,1,1.0,468,1074,0.2,19,0,0,0,1,0,0,0,0,0,0,4,4.0,11.6,20.0,3.6,491,425,396,461
Karl,Hein,1,40,0,0.0,50944,43896,0.0,0,0,0,0,0,0,0,0,0,0,0,0,0.0,0.0,0.0,0.0,570,558,524,574
Martin,Ødegaard,1,56,120,3.6,1563496,1031395,21.4,2512,6,4,11,33,0,0,0,3,0,8,489,599.4,955.4,514.0,206.2,65,5,66,24
Aaron,Ramsdale,1,51,129,4.2,2948871,1522689,25.3,2790,0,0,12,33,0,0,0,1,83,14,602,626.6,1.0,0.0,62.7,57,467,706,256
Arthur,Okonkwo,1,39,0,0.0,107778,47239,0.0,0,0,0,0,0,0,0,0,0,0,0,0,0.0,0.0,0.0,0.0,523,507,471,527
Takehiro,Tomiyasu,1,45,73,3.8,824461,697145,16.2,1552,0,1,9,17,0,0,0,2,0,5,329,292.4,238.7,106.0,63.8,233,166,286,251
Charlie,Patino,1,45,0,0.0,1905,1270,0.0,0,0,0,0,0,0,0,0,0,0,0,0,0.0,0.0,0.0,0.0,663,659,647,664
Omari,Hutchinson,1,45,0,0.0,265,185,0.0,0,0,0,0,0,0,0,0,0,0,0,0,0.0,0.0,0.0,0.0,688,685,672,688
Salah-Eddine,Oulad M'hand,1,45,0,0.0,271,186,0.0,0,0,0,0,0,0,0,0,0,0,0,0,0.0,0.0,0.0,0.0,687,684,671,687
Mika,Biereth,1,45,0,0.0,30436,15094,0.0,0,0,0,0,0,0,0,0,0,0,0,0,0.0,0.0,0.0,0.0,658,654,641,659
Ryan,Alebiosu,1,40,0,0.0,76,54,0.0,0,0,0,0,0,0,0,0,0,0,0,0,0.0,0.0,0.0,0.0,568,556,522,572
Zach,Awe,1,40,0,0.0,2066,1077,0.0,0,0,0,0,0,0,0,0,0,0,0,0,0.0,0.0,0.0,0.0,577,565,531,581
Zak,Swanson,1,40,0,0.0,702,429,0.0,0,0,0,0,0,0,0,0,0,0,0,0,0.0,0.0,0.0,0.0,550,537,502,554
Mazeed,Ogungbo,1,40,0,0.0,264,156,0.0,0,0,0,0,0,0,0,0,0,0,0,0,0.0,0.0,0.0,0.0,564,552,518,568
Marcelo,Flores,1,45,0,0.0,99,54,0.0,0,0,0,0,0,0,0,0,0,0,0,0,0.0,0.0,0.0,0.0,682,679,666,682
Miguel,Azeez,1,45,0,0.0,240,114,0.0,0,0,0,0,0,0,0,0,0,0,0,0,0.0,0.0,0.0,0.0,656,652,638,657
Alex,Kirk,1,40,0,0.0,45,8,0.0,0,0,0,0,0,0,0,0,0,0,0,0,0.0,0.0,0.0,0.0,565,553,519,569
Calum,Chambers,2,42,38,3.8,46330,48867,9.0,779,1,0,4,11,0,0,0,1,0,2,166,184.6,25.2,57.0,26.7,311,390,342,369
Jed,Steer,2,39,1,1.0,325469,291463,0.3,90,0,0,0,3,0,0,0,0,1,0,13,8.2,0.0,0.0,0.8,479,502,466,495
Conor,Hourihane,2,49,0,0.0,398,3126,0.0,0,0,0,0,0,0,0,0,0,0,0,0,0.0,0.0,0.0,0.0,697,697,686,697
Emiliano,Martínez,2,55,121,3.7,731603,2359261,22.0,2970,0,0,11,44,0,1,0,4,86,7,607,700.0,0.0,0.0,69.8,34,717,716,237
Björn,Engels,2,45,0,0.0,0,56,0.0,0,0,0,0,0,0,0,0,0,0,0,0,0.0,0.0,0.0,0.0,619,615,598,622
Bertrand,Traoré,2,57,11,1.6,14255,144009,1.9,170,0,1,0,3,0,0,0,0,0,0,34,15.4,9.0,68.0,8.9,468,436,322,437
Morgan,Sanson,2,50,13,1.3,2570,3107,2.6,349,0,0,0,8,0,0,0,0,0,0,61,52.8,36.6,3.0,9.4,421,370,439,430
John,McGinn,2,56,96,3.1,329793,346264,17.1,2730,3,3,10,41,0,0,0,8,0,9,437,619.8,707.8,273.0,160.2,58,15,159,46
Kortney,Hause,2,44,20,2.9,40665,42650,4.5,397,1,0,1,9,0,0,0,0,0,3,89,102.8,5.9,64.0,17.3,380,439,329,397
Mahmoud Ahmed,Ibrahim Hassan,2,54,1,1.0,3656,4037,0.2,10,0,0,0,1,0,0,0,0,0,0,4,1.8,2.0,10.0,1.4,504,454,414,490
Tyrone,Mings,2,50,114,3.6,1060267,1187274,22.8,2828,1,4,11,42,0,0,0,9,0,12,551,584.4,119.0,307.0,100.9,70,259,141,139
Ollie,Watkins,2,75,114,3.7,3435006,2794405,15.2,2613,10,2,10,41,0,0,0,7,0,15,388,554.4,430.8,1232.0,221.7,90,74,9,22
Marvelous,Nakamba,2,44,17,1.3,24845,32007,3.9,755,0,0,1,16,0,0,0,4,0,0,99,118.2,39.5,0.0,15.9,370,366,570,405
Emiliano,Buendía Stati,2,61,96,3.1,198533,529160,15.7,1671,3,6,7,27,0,0,0,1,0,8,342,437.0,578.9,441.0,145.9,135,36,86,62
Matthew,Cash,2,53,135,4.0,1787518,982356,25.5,3017,3,3,13,43,0,0,0,8,0,11,571,643.4,396.1,458.0,149.7,54,86,78,56
Ezri,Konsa Ngoyo,2,49,76,2.8,234412,252750,15.5,2338,2,0,8,41,0,0,0,4,0,4,370,409.0,55.5,251.0,71.3,156,338,172,229
Frédéric,Guilbert,2,45,0,0.0,449,2045,0.0,0,0,0,0,0,0,0,0,0,0,0,0,0.0,0.0,0.0,0.0,630,626,609,632
Wesley,Moraes,2,54,1,1.0,9629,27248,0.2,1,0,0,0,0,0,0,0,0,0,0,2,0.0,0.5,0.0,0.0,716,480,712,716
Mbwana Ally,Samatta,2,55,0,0.0,0,71,0.0,0,0,0,0,0,0,0,0,0,0,0,0,0.0,0.0,0.0,0.0,723,721,720,723
Keinan,Davis,2,45,1,1.0,347758,421341,0.2,11,0,0,0,0,0,0,0,0,0,0,2,0.4,1.0,0.0,0.1,509,465,621,512
Douglas Luiz,Soares de Paulo,2,43,74,2.5,585016,539788,17.2,2355,1,3,10,31,0,0,0,7,0,1,402,414.6,458.9,139.0,101.4,149,66,246,134
Jacob,Ramsey,2,47,104,3.4,1591223,1125346,22.1,2288,6,1,12,30,0,0,0,6,0,9,371,517.4,317.8,418.0,125.7,106,121,92,84
Ashley,Young,2,47,49,2.1,76839,121639,10.4,1232,0,2,4,19,1,0,0,2,0,0,222,187.4,201.9,113.0,50.2,309,186,276,295
Lucas,Digne,2,50,70,2.8,1113265,2081428,14.0,2080,0,2,7,35,1,0,0,6,0,7,380,413.2,641.0,181.0,123.7,150,23,215,89
Danny,Ings,2,77,100,3.8,1486769,3753417,13.0,1712,7,6,9,24,0,0,0,4,0,12,338,442.8,203.1,684.0,132.5,130,184,45,76
Leon,Bailey,2,63,37,2.1,82491,249925,5.9,750,1,3,2,13,0,0,0,3,0,1,98,143.2,118.5,271.0,53.2,348,260,160,286
Aaron,Ramsey,2,44,0,0.0,25784,32038,0.0,0,0,0,0,0,0,0,0,0,0,0,0,0.0,0.0,0.0,0.0,607,600,576,610
Jaden,Philogene-Bidace,2,50,1,1.0,1105,2549,0.2,4,0,0,0,0,0,0,0,0,0,0,0,0.0,0.0,0.0,0.0,711,710,704,711
Carney,Chukwuemeka,2,45,14,1.4,8357,8566,3.1,207,0,1,0,4,0,0,0,0,0,0,41,40.6,30.0,69.0,14.1,434,382,319,413
Cameron,Archer,2,45,3,1.0,271066,228444,0.7,24,0,0,0,0,0,0,0,0,0,0,3,0.0,0.8,18.0,1.6,655,469,400,488
Viljami,Sinisalo,2,40,0,0.0,9546,6899,0.0,0,0,0,0,0,0,0,0,0,0,0,0,0.0,0.0,0.0,0.0,554,541,506,558
Lamare,Bogarde,2,40,0,0.0,11760,9431,0.0,0,0,0,0,0,0,0,0,0,0,0,0,0.0,0.0,0.0,0.0,587,575,541,591
Tim,Iroegbunam,2,45,4,1.3,610,351,0.9,90,0,0,1,0,0,0,0,1,0,0,17,10.6,2.0,4.0,1.7,475,453,436,486
Filip,Marschall,2,40,0,0.0,933,743,0.0,0,0,0,0,0,0,0,0,0,0,0,0,0.0,0.0,0.0,0.0,569,557,523,573
Josh,Feeney,2,40,0,0.0,908,611,0.0,0,0,0,0,0,0,0,0,0,0,0,0,0.0,0.0,0.0,0.0,589,577,543,593
Philippe,Coutinho Correia,2,71,70,4.7,3105325,2036951,9.9,1079,4,3,6,14,0,0,0,0,0,7,240,299.2,317.2,369.0,98.7,229,122,117,146
Kaine,Hayden,2,40,0,0.0,1349,840,0.0,0,0,0,0,0,0,0,0,0,0,0,0,0.0,0.0,0.0,0.0,571,559,525,575
Robin,Olsen,2,40,0,0.0,3407,1613,0.0,0,0,0,0,0,0,0,0,0,0,0,0,0.0,0.0,0.0,0.0,535,521,486,539
Benjamin,Chrisene,2,45,0,0.0,398,254,0.0,0,0,0,0,0,0,0,0,0,0,0,0,0.0,0.0,0.0,0.0,674,670,657,674
Tommi,O'Reilly,2,45,0,0.0,284,173,0.0,0,0,0,0,0,0,0,0,0,0,0,0,0.0,0.0,0.0,0.0,689,686,673,689
Pontus,Jansson,3,44,120,3.4,1434448,1085898,27.3,3141,3,4,8,52,0,0,0,7,0,13,590,750.6,66.3,474.0,129.5,21,319,74,78
Christian,Nørgaard,3,50,97,2.9,203259,206492,19.4,2964,3,3,8,49,0,0,0,7,0,5,477,660.6,380.8,434.0,148.0,45,94,88,58
Ivan,Toney,3,68,136,4.4,3697114,4537815,20.0,2728,12,5,8,43,0,0,0,7,0,19,498,714.0,558.6,1248.0,252.1,28,42,8,10
Tariqe,Fosu-Henry,3,51,1,1.0,2403,9024,0.2,16,0,0,0,0,0,0,0,0,0,0,4,5.2,4.8,21.0,3.1,485,445,391,466
David,Raya Martin,3,43,92,4.2,1101474,1064302,21.4,1980,0,0,8,23,0,0,0,0,71,5,466,549.6,10.0,0.0,55.7,93,434,557,274
Sergi,Canós,3,55,78,2.6,419267,454275,14.2,2061,2,3,8,35,1,0,0,6,0,5,258,359.2,282.9,422.0,106.5,190,139,89,122
Pelenda Joshua,Dasilva,3,53,5,0.7,1155,2333,0.9,187,0,0,0,5,0,0,0,0,0,0,17,20.4,25.0,22.0,6.6,457,391,389,446
Rico,Henry,3,45,99,3.1,280476,270758,22.0,2623,2,0,9,38,0,0,0,2,0,4,415,399.6,317.1,172.0,88.7,162,123,221,180
Vitaly,Janelt,3,49,87,3.0,59193,48031,17.8,2160,4,0,9,35,0,0,0,3,0,8,319,432.2,313.7,397.0,114.1,139,124,104,100
Saman,Ghoddos,3,52,30,1.8,3254,6027,5.8,524,1,2,1,4,0,0,0,2,0,0,115,128.4,96.3,133.0,36.0,361,283,252,329
Mathias,Jensen,3,49,51,1.8,13970,14858,10.4,1443,0,1,3,27,0,0,0,0,0,2,225,225.2,472.2,150.0,84.9,282,63,236,189
Charlie,Goode,3,39,10,1.7,341735,372169,2.6,448,0,0,1,6,0,0,0,3,0,0,64,54.8,82.7,24.0,16.0,417,300,383,404
Marcus,Forss,3,53,11,1.6,25518,35312,2.1,203,0,1,0,4,0,0,0,0,0,0,35,20.8,12.5,55.0,8.7,455,421,346,438
Mads,Roerslev Rasmussen,3,41,40,2.0,25776,19222,9.8,1217,1,1,1,27,0,0,0,1,0,4,168,197.0,125.8,81.0,40.5,298,250,309,316
Mads,Bech Sørensen,3,43,20,2.2,3010,9731,4.7,718,0,0,2,11,0,0,0,2,0,0,122,112.8,68.7,44.0,22.6,375,317,360,385
Ethan,Pinnock,3,44,90,2.8,858809,836013,20.5,2694,1,1,7,43,0,0,0,1,0,7,517,648.8,151.7,335.0,113.5,53,230,126,104
Ellery,Balcombe,3,40,0,0.0,0,775,0.0,0,0,0,0,0,0,0,0,0,0,0,0,0.0,0.0,0.0,0.0,551,538,503,555
Jan,Zamburek,3,44,0,0.0,68354,95969,0.0,0,0,0,0,0,0,0,0,0,0,0,0,0.0,0.0,0.0,0.0,605,599,574,608
Patrik,Gunnarsson,3,39,0,0.0,158906,174509,0.0,0,0,0,0,0,0,0,0,0,0,0,0,0.0,0.0,0.0,0.0,526,510,475,530
Halil,Dervişoğlu,3,54,0,0.0,1259,4385,0.0,0,0,0,0,0,0,0,0,0,0,0,0,0.0,0.0,0.0,0.0,717,714,713,717
Bryan,Mbeumo,3,52,115,3.5,817402,756952,22.1,2725,4,7,9,43,0,0,0,4,0,6,294,436.4,503.6,914.0,184.4,136,52,18,31
Mads,Bidstrup,3,44,4,1.0,7635,11377,0.9,36,0,0,0,0,0,0,0,0,0,0,11,6.6,0.7,0.0,0.8,482,470,584,497
Frank,Onyeka,3,49,35,1.8,13488,17178,7.1,1040,0,2,3,19,0,0,0,4,0,0,117,93.0,73.5,174.0,33.7,388,313,220,337
Kristoffer,Ajer,3,44,81,3.7,125261,132721,18.4,1847,1,3,8,28,0,0,0,4,0,5,369,377.4,120.8,184.0,68.3,178,255,213,239
Dominic,Thompson,3,44,3,1.5,2586,5309,0.7,146,0,0,0,3,0,0,0,0,0,0,12,15.8,1.2,6.0,2.3,466,461,430,477
Shandon,Baptiste,3,49,34,1.6,8920,10364,6.9,879,1,0,2,14,0,0,0,0,0,2,115,132.8,120.2,145.0,39.6,355,257,243,319
Yoane,Wissa,3,57,75,2.7,21642,22965,13.2,1103,6,0,3,18,0,0,0,0,0,4,229,291.4,98.8,337.0,72.0,236,279,125,227
Álvaro,Fernández,3,45,31,2.6,163866,137500,6.9,1080,0,0,1,24,1,0,0,0,49,2,218,353.2,0.0,0.0,35.2,193,644,630,332
Finley,Stevens,3,39,1,1.0,48929,35035,0.3,14,0,0,0,0,0,0,0,0,0,0,4,8.6,10.3,2.0,2.1,478,431,442,478
Mathias,Jorgensen,3,45,18,2.2,11219,11315,4.0,516,1,0,1,10,0,0,0,2,0,0,84,108.6,44.9,57.0,21.1,377,359,343,389
Paris,Maghoma,3,45,0,0.0,2344,2005,0.0,0,0,0,0,0,0,0,0,0,0,0,0,0.0,0.0,0.0,0.0,639,635,620,641
Matthew,Cox,3,40,0,0.0,144196,140484,0.0,0,0,0,0,0,0,0,0,0,0,0,0,0.0,0.0,0.0,0.0,583,571,537,587
Maxwell,Haygarth,3,45,0,0.0,692,611,0.0,0,0,0,0,0,0,0,0,0,0,0,0,0.0,0.0,0.0,0.0,666,663,650,667
Nathan,Young-Coombes,3,45,1,1.0,190941,104181,0.2,3,0,0,0,0,0,0,0,0,0,0,2,0.0,0.0,0.0,0.0,664,660,648,665
Myles,Peart-Harris,3,45,0,0.0,1174,1002,0.0,0,0,0,0,0,0,0,0,0,0,0,0,0.0,0.0,0.0,0.0,662,658,646,663
Jonas,Lössl,3,45,2,1.0,1400,1029,0.4,180,0,0,0,5,0,0,0,0,2,0,21,15.4,0.0,0.0,1.6,467,611,592,487
Christian,Eriksen,3,56,36,4.0,209384,83543,6.4,758,1,3,4,6,0,0,0,1,0,2,176,235.0,344.6,152.0,73.0,277,111,232,223
Julian,Jeanvier,3,40,0,0.0,321,124,0.0,0,0,0,0,0,0,0,0,0,0,0,0,0.0,0.0,0.0,0.0,537,523,488,541
Adam,Lallana,4,53,43,1.9,25480,38851,8.1,1543,0,1,6,19,0,0,0,4,0,0,237,208.8,161.2,171.0,54.2,291,217,222,277
Jason,Steele,4,39,2,2.0,423122,426851,0.5,90,0,0,0,2,0,0,0,0,3,0,17,28.8,0.0,0.0,2.9,448,501,465,469
Pascal,Groß,4,56,73,2.7,177962,208962,13.0,1853,1,4,8,22,0,0,1,1,0,4,352,405.0,896.4,313.0,161.6,157,8,137,44
Shane,Duffy,4,40,48,2.7,2535169,2359400,12.0,1434,1,1,4,19,0,0,0,7,0,3,288,380.6,58.2,282.0,72.2,175,333,153,226
Davy,Pröpper,4,45,0,0.0,0,68,0.0,0,0,0,0,0,0,0,0,0,0,0,0,0.0,0.0,0.0,0.0,618,613,594,621
Lewis,Dunk,4,48,88,3.3,342786,651807,18.3,2393,1,0,10,31,0,0,0,3,0,7,510,540.4,62.9,325.0,92.8,97,328,133,165
Solomon,March,4,53,53,1.8,9335,14473,10.0,1598,0,1,6,22,0,0,0,1,0,0,195,248.2,483.2,277.0,100.8,264,58,155,140
Adam,Webster,4,43,56,2.8,90980,116882,13.0,1311,2,0,4,18,0,0,0,5,0,6,246,377.4,49.9,112.0,54.0,177,345,278,278
Joël,Veltman,4,42,85,2.7,215523,379067,20.2,2694,0,1,8,37,0,0,0,6,0,5,509,514.2,273.3,148.0,93.8,107,146,239,162
Neal,Maupay,4,62,98,3.2,2041737,1879517,15.8,2224,8,3,7,31,0,0,1,6,0,11,296,367.4,357.3,672.0,137.4,184,102,47,70
Leandro,Trossard,4,58,138,4.2,750174,725887,23.8,2717,8,4,10,33,0,0,0,2,0,16,450,618.4,652.4,1011.0,228.0,59,20,13,19
Mathew,Ryan,4,45,0,0.0,0,822,0.0,0,0,0,0,0,0,0,0,0,0,0,0,0.0,0.0,0.0,0.0,621,617,600,623
Alireza,Jahanbakhsh,4,55,0,0.0,0,105,0.0,0,0,0,0,0,0,0,0,0,0,0,0,0.0,0.0,0.0,0.0,722,720,719,722
Bernardo,Fernandes Da Silva Junior,4,40,0,0.0,0,551,0.0,0,0,0,0,0,0,0,0,0,0,0,0,0.0,0.0,0.0,0.0,541,528,493,545
Robert,Sánchez,4,45,121,3.5,1567270,2169049,26.9,3150,0,0,11,40,0,0,0,3,97,8,652,789.0,30.0,0.0,81.8,16,381,611,196
Yves,Bissouma,4,44,57,2.4,1162944,1776090,13.0,1975,1,1,7,26,0,0,0,10,0,6,313,382.8,142.5,119.0,64.4,171,235,271,250
Tariq,Lamptey,4,45,73,2.6,440906,330336,16.2,1529,0,2,6,20,0,0,0,3,0,7,302,246.0,353.4,168.0,76.6,267,107,224,208
Aaron,Connolly,4,53,5,1.2,19775,32708,0.9,154,0,0,0,1,0,0,0,0,0,0,12,2.4,13.1,18.0,3.1,497,418,402,467
Steven,Alzate,4,48,13,1.4,3559,6388,2.7,401,0,0,0,7,0,0,0,0,0,0,77,70.2,40.8,21.0,13.3,406,365,390,416
Alexis,Mac Allister,4,51,89,2.9,165624,164219,17.5,1932,5,2,6,27,0,0,1,4,0,8,360,483.0,417.0,505.0,140.3,118,78,70,68
Jakub,Moder,4,45,58,2.1,162105,161814,12.9,1694,0,3,5,23,0,0,0,1,0,0,227,239.6,286.0,372.0,90.3,274,136,115,172
Danny,Welbeck,4,59,71,3.1,112523,86093,12.0,1289,4,3,5,14,0,0,0,0,0,10,191,262.4,187.8,483.0,92.3,254,192,72,167
Enock,Mwepu,4,59,57,3.4,25003,30451,9.7,979,2,5,3,13,0,0,0,2,0,5,198,241.8,142.9,199.0,58.0,271,234,206,265
Kjell,Scherpen,4,45,0,0.0,4293,5872,0.0,0,0,0,0,0,0,0,0,0,0,0,0,0.0,0.0,0.0,0.0,647,643,629,649
Florin,Andone,4,50,0,0.0,3828,16510,0.0,0,0,0,0,0,0,0,0,0,0,0,0,0.0,0.0,0.0,0.0,705,705,698,705
Andi,Zeqiri,4,45,0,0.0,77446,85337,0.0,0,0,0,0,0,0,0,0,0,0,0,0,0.0,0.0,0.0,0.0,631,627,610,633
Michal,Karbownik,4,40,0,0.0,3903,5568,0.0,0,0,0,0,0,0,0,0,0,0,0,0,0.0,0.0,0.0,0.0,559,547,513,563
Taylor,Richards,4,45,2,1.0,4122,4321,0.4,23,0,0,0,0,0,0,0,0,0,0,5,4.6,12.8,8.0,2.5,486,420,421,475
Moisés,Caicedo,4,45,23,3.8,3730,1690,5.1,509,1,1,3,5,0,0,0,1,0,1,107,128.4,48.5,57.0,23.4,359,347,344,383
Haydon,Roberts,4,39,0,0.0,31416,25009,0.0,0,0,0,0,0,0,0,0,0,0,0,0,0.0,0.0,0.0,0.0,525,509,474,529
Marc,Cucurella,4,49,120,3.6,796883,546102,24.5,2909,1,1,11,37,0,0,0,6,0,19,634,626.8,641.5,179.0,145.1,56,22,217,63
Jürgen,Locadia,4,44,1,1.0,309704,250459,0.2,22,0,0,0,0,0,0,0,0,0,0,0,0.0,1.1,3.0,0.1,601,462,438,511
Jeremy,Sarmiento,4,45,5,1.0,1799,1736,1.1,44,0,0,0,2,0,0,0,0,0,0,15,2.8,2.4,2.0,0.8,494,450,449,498
Ed,Turns,4,40,0,0.0,132386,129715,0.0,0,0,0,0,0,0,0,0,0,0,0,0,0.0,0.0,0.0,0.0,563,551,517,567
Marc,Leonard,4,45,0,0.0,1155,970,0.0,0,0,0,0,0,0,0,0,0,0,0,0,0.0,0.0,0.0,0.0,654,651,637,656
Evan,Ferguson,4,45,1,1.0,96032,59371,0.2,22,0,0,0,1,0,0,0,0,0,0,4,2.0,4.8,2.0,0.9,503,444,451,494
Thomas,McGill,4,40,0,0.0,2254,1548,0.0,0,0,0,0,0,0,0,0,0,0,0,0,0.0,0.0,0.0,0.0,540,527,492,544
Odeluga,Offiah,4,40,0,0.0,617,461,0.0,0,0,0,0,0,0,0,0,0,0,0,0,0.0,0.0,0.0,0.0,561,549,515,565
James,Tarkowski,5,49,81,2.5,296708,291434,16.5,2926,1,2,7,48,1,0,0,10,0,5,467,864.0,86.3,305.0,125.7,9,294,143,85
Phil,Bardsley,5,39,0,0.0,42998,72710,0.0,0,0,0,0,0,0,0,0,0,0,0,0,0.0,0.0,0.0,0.0,515,497,461,519
Erik,Pieters,5,41,37,3.1,62685,68407,9.0,726,0,1,4,5,0,0,0,1,0,1,157,179.0,43.4,48.0,27.0,318,362,353,368
Jack,Cork,5,44,42,2.5,21742,24277,9.5,1400,1,0,6,22,0,0,0,4,0,3,125,157.0,101.0,54.0,31.1,340,274,347,346
Dale,Stephens,5,44,4,1.3,5574,6206,0.9,123,0,0,1,0,0,0,0,1,0,0,11,12.8,12.4,1.0,2.6,472,422,454,472
Kevin,Long,5,40,3,1.0,144441,146247,0.8,138,0,0,0,3,0,0,0,0,0,0,14,13.4,0.1,4.0,1.8,471,489,432,485
Jay,Rodriguez,5,52,60,2.1,382143,330859,11.5,1365,2,3,6,15,0,0,0,3,0,4,159,176.4,166.0,455.0,78.4,321,213,80,207
Ashley,Barnes,5,52,20,1.0,134766,236746,3.8,556,0,0,1,15,0,0,0,4,0,0,17,43.4,88.9,150.0,27.4,429,290,238,366
Ben,Mee,5,46,74,3.5,570907,593159,16.1,1839,3,0,6,25,1,0,0,3,0,3,325,463.8,63.4,238.0,76.6,121,326,179,209
Ashley,Westwood,5,52,63,2.3,65798,105098,12.1,2286,0,4,4,40,0,0,0,7,0,2,303,298.2,517.1,153.0,96.5,230,49,231,152
Johann Berg,Gudmundsson,5,54,33,1.8,7730,11800,6.1,1097,0,1,3,19,0,0,0,2,0,0,100,134.0,137.5,193.0,46.5,353,238,210,305
Matthew,Lowton,5,44,65,2.8,294931,399155,14.8,1688,1,3,4,29,0,0,0,3,0,5,330,381.0,264.3,95.0,74.1,174,151,293,219
Matej,Vydra,5,52,46,2.1,119189,130202,8.8,665,2,3,2,7,0,0,0,1,0,4,138,172.4,77.5,239.0,48.4,326,306,177,300
Nick,Pope,5,53,120,3.6,439242,470075,22.6,2970,0,0,9,43,0,0,0,0,102,11,620,779.8,20.0,0.0,80.1,17,400,708,203
Charlie,Taylor,5,44,73,2.6,98015,98191,16.6,2460,0,3,5,44,0,0,0,3,0,8,421,498.8,285.2,48.0,83.2,112,138,354,192
Will,Norris,5,43,0,0.0,5781,10811,0.0,0,0,0,0,0,0,0,0,0,0,0,0,0.0,0.0,0.0,0.0,598,588,559,602
Josh,Brownhill,5,43,86,2.7,821250,855746,20.0,2700,2,3,7,41,0,0,0,10,0,8,404,539.8,542.7,268.0,135.3,98,45,162,72
Josh,Benson,5,45,0,0.0,0,231,0.0,0,0,0,0,0,0,0,0,0,0,0,0,0.0,0.0,0.0,0.0,635,631,615,637
Bailey,Peacock-Farrell,5,45,0,0.0,0,431,0.0,0,0,0,0,0,0,0,0,0,0,0,0,0.0,0.0,0.0,0.0,636,632,617,638
Dwight,McNeil,5,55,78,2.2,70672,78218,14.2,2846,0,1,9,45,0,0,0,1,0,1,414,530.0,670.2,457.0,166.1,103,17,79,42
Nathan,Collins,5,43,50,3.1,52638,20915,11.6,1400,2,0,5,22,0,0,0,2,0,1,244,388.0,47.6,235.0,67.2,170,351,181,241
Wayne,Hennessey,5,45,4,2.0,22655,24315,0.9,180,0,0,0,6,0,0,0,0,8,0,37,62.8,30.0,0.0,9.3,412,380,589,432
Lewis,Richardson,5,44,0,0.0,617813,377305,0.0,0,0,0,0,0,0,0,0,0,0,0,0,0.0,0.0,0.0,0.0,609,602,579,612
Bobby,Thomas,5,39,0,0.0,32390,27968,0.0,0,0,0,0,0,0,0,0,0,0,0,0,0.0,0.0,0.0,0.0,530,514,479,534
Owen,Dodgson,5,39,0,0.0,11772,10741,0.0,0,0,0,0,0,0,0,0,0,0,0,0,0.0,0.0,0.0,0.0,531,515,480,535
Aaron,Lennon,5,46,57,2.3,29374,24082,12.4,1501,2,1,4,25,0,0,0,2,0,1,162,185.2,135.9,211.0,52.9,310,240,195,288
Maxwel,Cornet,5,58,88,3.8,599054,562148,15.2,1500,8,1,5,20,0,0,1,2,0,7,214,388.8,229.8,514.0,113.3,169,170,67,105
Connor,Roberts,5,44,65,3.6,120589,72584,14.8,1464,1,1,6,20,0,0,0,1,0,6,292,275.8,181.5,61.0,51.9,246,199,334,291
Wout,Weghorst,5,63,52,3.1,1341344,927917,8.3,1372,2,3,6,19,0,0,0,3,0,6,133,197.4,177.4,338.0,71.1,297,202,124,230
Sam,Waller,5,40,0,0.0,2790,1818,0.0,0,0,0,0,0,0,0,0,0,0,0,0,0.0,0.0,0.0,0.0,585,573,539,589
Dara,Costelloe,5,45,0,0.0,131,37,0.0,0,0,0,0,0,0,0,0,0,0,0,0,0.0,0.0,0.0,0.0,691,688,675,691
César,Azpilicueta,6,56,83,3.5,898733,1013658,14.8,1947,1,3,7,22,0,0,0,3,0,2,424,442.2,302.3,206.0,95.2,131,126,198,158
Olivier,Giroud,6,65,0,0.0,0,1152,0.0,0,0,0,0,0,0,0,0,0,0,0,0,0.0,0.0,0.0,0.0,728,728,728,728
Thiago,Emiliano da Silva,6,56,126,4.2,1323394,969750,22.5,2469,3,1,11,26,0,0,0,2,0,14,632,773.4,117.2,225.0,111.7,18,261,185,109
Marcos,Alonso,6,57,113,4.3,3858360,3118423,19.8,1984,3,5,8,21,0,0,0,8,0,13,481,504.6,629.9,539.0,167.5,110,24,61,41
Jorge Luiz,Frello Filho,6,57,102,3.8,904987,1059902,17.9,2091,6,2,11,15,0,0,1,4,0,11,487,563.2,354.2,212.0,113.1,79,106,194,106
Ross,Barkley,6,52,7,1.4,5835,13238,1.3,150,0,0,1,1,0,0,0,0,0,0,18,19.2,104.8,38.0,16.3,460,270,373,403
Mateo,Kovacic,6,49,75,3.1,1218968,1181796,15.3,1523,2,5,8,11,0,0,0,4,0,7,348,409.6,405.8,194.0,101.0,154,84,209,138
Michy,Batshuayi,6,55,0,0.0,1384,14282,0.0,0,0,0,0,0,0,0,0,0,0,0,0,0.0,0.0,0.0,0.0,719,716,715,719
Antonio,Rüdiger,6,61,134,4.3,4379817,3591461,22.0,2790,3,3,13,26,0,0,0,8,0,7,596,556.2,246.8,465.0,126.8,88,163,76,81
Kepa,Arrizabalaga,6,45,19,4.8,65247,73263,4.2,360,0,0,2,2,0,0,0,0,11,1,89,95.6,0.0,0.0,9.6,384,616,599,429
N'Golo,Kanté,6,49,76,3.2,425406,626905,15.5,1608,2,5,9,17,0,0,0,1,0,2,359,426.8,365.2,221.0,101.3,142,98,189,136
Hakim,Ziyech,6,73,71,3.5,255919,253125,9.7,1119,4,2,7,10,0,0,0,3,0,9,243,313.4,379.8,416.0,110.7,218,95,95,113
Ruben,Loftus-Cheek,6,54,48,2.2,40619,36449,8.9,1306,0,3,4,21,0,0,0,1,0,1,236,274.4,261.8,213.0,74.9,248,153,193,215
Andreas,Christensen,6,46,63,3.5,575685,589652,13.7,1404,0,0,8,11,0,0,0,2,0,3,318,274.8,102.0,20.0,39.7,247,273,394,318
Timo,Werner,6,87,62,3.0,611420,669703,7.1,1278,4,2,5,17,0,0,0,1,0,5,175,207.6,153.1,773.0,112.7,293,225,32,107
Benjamin,Chilwell,6,56,54,9.0,1606018,2372340,9.6,540,3,1,4,2,0,0,0,0,0,5,158,175.6,161.0,202.0,54.0,322,218,202,279
Tammy,Abraham,6,65,0,0.0,2438,42341,0.0,0,0,0,0,0,0,0,0,0,0,0,0,0.0,0.0,0.0,0.0,729,729,729,729
Christian,Pulisic,6,79,67,3.4,144101,229539,8.5,1134,5,2,5,9,0,0,0,2,0,2,189,284.0,204.9,403.0,89.3,239,182,103,177
Mason,Mount,6,77,154,5.1,5008926,4741697,20.0,2180,10,10,10,24,0,0,0,4,0,14,546,750.0,880.9,864.0,249.4,22,10,23,12
Ethan,Ampadu,6,45,0,0.0,1370,8093,0.0,0,0,0,0,0,0,0,0,0,0,0,0,0.0,0.0,0.0,0.0,628,624,607,630
Callum,Hudson-Odoi,6,53,49,3.3,164421,169950,9.2,958,1,4,6,8,0,0,0,1,0,1,163,175.4,326.9,326.0,82.7,323,119,131,193
Kai,Havertz,6,79,104,3.9,1758522,1966762,13.2,1700,7,4,10,17,0,0,0,3,0,5,248,420.4,300.8,853.0,156.4,146,128,24,51
Reece,James,6,64,115,5.0,5321488,4535408,18.0,1606,5,6,6,20,1,0,0,4,0,19,470,506.6,577.5,386.0,147.1,108,38,110,60
Edouard,Mendy,6,61,120,3.9,1604312,1746798,19.7,2790,0,0,13,29,0,0,0,3,71,3,532,558.0,0.0,0.0,55.4,85,725,725,275
Malang,Sarr,6,49,29,4.1,22440,21112,5.9,513,0,0,4,6,0,0,0,2,0,4,136,113.4,45.1,1.0,15.9,374,358,455,406
Trevoh,Chalobah,6,47,90,5.0,948785,900493,19.1,1267,3,1,8,8,0,0,0,2,0,10,352,367.2,90.2,108.0,56.4,185,288,284,269
Romelu,Lukaku,6,114,80,3.3,4013920,4434177,7.0,1416,7,1,6,13,0,0,0,0,0,12,280,332.8,263.7,608.0,120.3,206,152,51,92
Emerson,Palmieri dos Santos,6,45,1,1.0,868,2240,0.2,4,0,0,0,0,0,0,0,0,0,0,3,0.0,0.1,2.0,0.2,620,491,447,510
Saúl,Ñíguez,6,49,14,1.6,40378,40360,2.9,388,0,1,1,5,0,0,0,1,0,0,54,63.2,51.8,41.0,15.5,411,344,366,409
Marcus,Bettinelli,6,40,0,0.0,6620,5156,0.0,0,0,0,0,0,0,0,0,0,0,0,0,0.0,0.0,0.0,0.0,538,524,489,542
Lewis,Hall,6,45,0,0.0,471,322,0.0,0,0,0,0,0,0,0,0,0,0,0,0,0.0,0.0,0.0,0.0,675,671,658,675
Harvey,Vale,6,45,0,0.0,516,331,0.0,0,0,0,0,0,0,0,0,0,0,0,0,0.0,0.0,0.0,0.0,679,676,663,679
Robert Kenedy,Nunes do Nascimento,6,45,0,0.0,931,687,0.0,0,0,0,0,0,0,0,0,0,0,0,0,0.0,0.0,0.0,0.0,623,619,602,625
Conor,Gallagher,7,60,135,4.4,4592287,3775555,22.5,2647,8,6,10,35,0,0,0,9,0,16,449,655.6,603.9,634.0,189.2,49,30,49,29
Vicente,Guaita,7,46,109,3.8,919364,828487,23.7,2565,0,0,10,33,0,0,0,2,79,8,539,588.4,0.0,0.0,58.8,68,690,677,261
James,Tomkins,7,43,17,2.1,20668,24847,4.0,545,1,0,0,11,0,0,0,2,0,2,97,140.4,22.0,88.0,25.1,351,396,302,376
James,McArthur,7,43,53,2.6,566579,531544,12.3,1427,0,4,5,15,0,0,0,4,0,5,286,324.0,256.5,120.0,70.0,210,155,269,235
Christian,Benteke,7,59,56,2.4,501786,544714,9.5,1111,4,1,4,19,0,0,0,3,0,6,169,248.2,166.1,517.0,92.6,265,212,64,166
Cheikhou,Kouyaté,7,45,75,3.0,101227,106959,16.7,1857,0,1,8,27,0,0,0,2,0,5,379,299.2,85.1,41.0,42.6,228,297,365,312
Martin,Kelly,7,38,0,0.0,230223,148890,0.0,0,0,0,0,0,0,0,0,0,0,0,0,0.0,0.0,0.0,0.0,511,493,457,515
Luka,Milivojevic,7,52,16,1.2,3606,10432,3.1,657,0,0,1,13,1,0,0,1,0,0,100,74.6,145.5,38.0,25.8,400,233,372,371
Jordan,Ayew,7,58,72,2.4,358886,352186,12.4,1922,2,4,9,28,0,0,0,1,0,3,256,309.4,356.0,452.0,111.7,219,104,81,110
Wilfried,Zaha,7,68,135,4.5,1331950,1427232,19.9,2489,13,1,10,30,0,0,2,3,0,10,390,716.6,614.7,917.0,224.7,26,28,17,20
Jeffrey,Schlupp,7,54,75,2.6,12969,13916,13.9,1665,3,2,7,18,0,0,0,1,0,2,259,348.2,236.5,404.0,98.9,197,168,101,144
Jack,Butland,7,44,25,3.6,147680,156868,5.7,585,0,0,1,9,0,1,0,0,11,3,104,118.6,0.0,0.0,12.0,369,594,567,421
Jairo,Riedewald,7,47,4,1.3,2463,4490,0.9,116,0,0,0,5,0,0,0,0,0,0,16,11.2,27.5,2.0,4.0,473,389,452,459
Jarosław,Jach,7,42,0,0.0,1184,3649,0.0,0,0,0,0,0,0,0,0,0,0,0,0,0.0,0.0,0.0,0.0,592,581,549,596
Jean-Philippe,Mateta,7,53,51,2.5,415980,184049,9.6,988,4,1,5,11,0,0,0,2,0,4,149,210.6,85.2,510.0,80.5,290,295,68,202
Eberechi,Eze,7,59,23,2.3,127989,123514,3.9,421,1,0,3,4,0,0,0,1,0,2,85,77.0,124.7,110.0,31.3,397,251,282,344
Nathan,Ferguson,7,45,1,1.0,1436,1524,0.2,8,0,0,0,0,0,0,0,0,0,0,3,0.2,0.0,0.0,0.0,510,640,626,646
Tyrick,Mitchell,7,45,100,3.0,312139,251013,22.2,2831,0,2,9,39,0,0,0,1,0,6,512,576.8,356.4,89.0,102.3,75,103,301,130
Will,Hughes,7,47,32,2.3,14667,16427,6.8,912,0,2,3,15,0,0,0,4,0,2,156,146.0,139.4,60.0,34.6,346,237,336,333
Michael,Olise,7,53,73,2.8,119748,106237,13.8,1127,2,6,4,14,0,0,0,4,0,8,287,308.2,389.0,269.0,96.5,220,92,161,153
Joel,Ward,7,45,67,2.5,31591,38744,14.9,2396,0,0,8,37,0,0,0,8,0,2,399,440.4,132.2,58.0,63.2,133,242,341,252
Marc,Guéhi,7,45,114,3.4,403268,245091,25.3,3042,2,0,11,39,0,0,0,4,0,5,629,663.8,76.5,282.0,102.5,44,308,154,129
Joachim,Andersen,7,46,112,3.6,270784,120144,24.3,2644,0,4,11,33,1,0,0,4,0,11,563,565.6,187.3,130.0,88.3,77,194,255,184
Nathaniel,Clyne,7,43,49,3.8,42720,14742,11.4,1081,0,1,5,8,0,0,0,1,0,3,215,156.4,93.1,9.0,25.9,342,286,415,370
Reece,Hannam,7,39,0,0.0,9567,9366,0.0,0,0,0,0,0,0,0,0,0,0,0,0,0.0,0.0,0.0,0.0,524,508,473,528
Jesurun,Rak-Sakyi,7,44,1,1.0,3674,3608,0.2,13,0,0,0,0,0,0,0,0,0,0,3,1.0,5.0,0.0,0.6,507,443,578,502
Robert,Street,7,45,0,0.0,230800,193285,0.0,0,0,0,0,0,0,0,0,0,0,0,0,0.0,0.0,0.0,0.0,661,657,644,662
Scott,Banks,7,45,0,0.0,6702,5872,0.0,0,0,0,0,0,0,0,0,0,0,0,0,0.0,0.0,0.0,0.0,669,666,653,670
Remi,Matthews,7,39,0,0.0,64214,33457,0.0,0,0,0,0,0,0,0,0,0,0,0,0,0.0,0.0,0.0,0.0,520,504,468,524
Odsonne,Edouard,7,60,86,3.3,1633352,1443375,14.3,1457,6,4,8,19,0,0,0,2,0,9,280,382.2,252.1,610.0,124.7,173,158,50,88
Tayo,Adaramola,7,40,0,0.0,1545,639,0.0,0,0,0,0,0,0,0,0,0,0,0,0,0.0,0.0,0.0,0.0,581,569,535,585
Anwar,El Ghazi,8,56,22,2.0,83808,162641,3.9,392,1,1,1,8,0,0,0,2,0,1,61,74.6,85.2,85.0,24.4,401,296,305,378
Fabian,Delph,8,42,15,1.5,205021,128439,3.6,580,0,0,2,6,0,0,0,2,0,0,99,102.2,45.3,8.0,15.5,381,357,420,408
Gylfi,Sigurdsson,8,67,0,0.0,10706,110463,0.0,0,0,0,0,0,0,0,0,0,0,0,0,0.0,0.0,0.0,0.0,730,730,730,730
Seamus,Coleman,8,49,74,2.7,193010,175310,15.1,2393,1,1,6,45,0,0,0,3,0,6,394,440.6,206.4,166.0,81.0,132,181,225,198
James,Rodríguez,8,69,0,0.0,1360,101269,0.0,0,0,0,0,0,0,0,0,0,0,0,0,0.0,0.0,0.0,0.0,731,731,731,731
Bernard,Anício Caldeira Duarte,8,55,0,0.0,0,273,0.0,0,0,0,0,0,0,0,0,0,0,0,0,0.0,0.0,0.0,0.0,720,718,717,720
Michael,Keane,8,46,88,3.0,615787,669329,19.1,2521,2,2,7,47,2,0,0,1,0,9,464,617.4,95.1,151.0,86.5,60,284,233,188
Jordan,Pickford,8,48,106,3.3,596349,732689,22.1,2880,0,0,6,53,0,0,0,2,110,12,569,797.0,43.0,0.0,83.9,15,363,683,190
Allan,Marques Loureiro,8,43,57,2.1,1074954,1001020,13.3,2172,0,3,6,38,0,0,0,7,0,2,310,390.6,226.6,82.0,70.1,168,173,308,234
André Filipe,Tavares Gomes,8,49,15,1.2,8798,17480,3.1,498,0,1,0,14,0,0,0,3,0,0,39,77.8,82.6,122.0,28.3,395,302,264,359
Abdoulaye,Doucouré,8,53,83,3.2,843321,851938,15.7,2230,2,5,4,40,0,0,0,5,0,8,354,432.2,261.0,374.0,107.0,140,154,114,121
Alex,Iwobi,8,58,67,2.8,28682,36104,11.6,1669,2,2,5,28,0,0,0,1,0,4,258,303.6,392.8,311.0,100.6,225,88,138,141
Yerry,Mina,8,49,24,1.8,36289,67030,4.9,844,0,0,2,10,0,0,0,3,0,0,133,164.6,18.2,66.0,24.6,333,404,326,377
Tom,Davies,8,48,11,2.2,6259,11545,2.3,154,1,0,0,5,0,0,0,0,0,0,39,51.4,8.0,90.0,15.0,422,437,299,410
Dominic,Calvert-Lewin,8,77,41,3.2,1448581,2112169,5.3,998,3,1,3,21,0,0,1,2,0,5,118,162.2,116.8,377.0,65.5,336,262,113,247
Mason,Holgate,8,42,52,2.5,167520,133302,12.4,1773,2,1,4,32,1,0,0,6,0,2,257,349.2,20.0,112.0,48.2,196,399,277,301
Ben,Godfrey,8,47,45,2.0,47318,98861,9.6,2029,0,0,4,39,0,0,0,6,0,1,318,416.0,164.6,222.0,80.5,148,215,187,201
Richarlison,de Andrade,8,75,104,3.9,1967549,2165783,13.9,2252,8,5,6,41,0,0,0,9,0,15,340,544.8,325.7,869.0,173.4,95,120,22,38
João,Virgínia,8,40,0,0.0,5871,112946,0.0,0,0,0,0,0,0,0,0,0,0,0,0,0.0,0.0,0.0,0.0,546,533,498,550
Donny,van de Beek,8,57,25,1.8,109466,106023,4.4,497,1,0,2,11,0,0,0,1,0,1,95,116.4,76.5,85.0,27.8,372,309,306,362
Bamidele,Alli,8,62,32,1.7,384024,458047,5.2,874,1,0,3,19,0,0,0,4,0,1,96,173.6,120.4,121.0,41.5,324,256,268,314
Asmir,Begović,8,40,12,6.0,229044,219113,3.0,180,0,0,1,3,0,0,0,0,7,3,43,53.0,0.0,0.0,5.3,419,518,483,452
Andros,Townsend,8,52,66,3.1,1531009,1492573,12.7,1452,3,2,3,30,0,0,0,3,0,8,252,351.6,468.9,221.0,103.9,194,64,190,125
Demarai,Gray,8,54,96,3.2,3155230,2891167,17.8,2123,5,4,5,34,0,0,0,3,0,3,358,446.8,567.4,712.0,172.7,129,40,42,39
Jonjoe,Kenny,8,43,19,1.6,11028,13022,4.4,906,0,1,1,19,0,0,0,1,0,0,129,142.6,152.8,42.0,33.8,349,226,364,335
Anthony,Gordon,8,47,92,3.0,802238,268526,19.6,2033,4,3,6,34,0,0,0,4,0,9,297,423.8,453.5,586.0,146.3,144,67,53,61
Jean-Philippe,Gbamin,8,44,3,1.0,3192,4745,0.7,65,0,0,0,2,0,0,0,0,0,0,10,7.0,0.6,0.0,0.8,481,474,568,496
Jarrad,Branthwaite,8,40,10,2.5,56063,46331,2.5,280,1,0,0,9,0,0,0,0,0,1,46,69.8,2.2,44.0,11.7,407,451,358,422
Nathan,Broadhead,8,45,0,0.0,4128,5380,0.0,0,0,0,0,0,0,0,0,0,0,0,0,0.0,0.0,0.0,0.0,624,620,603,626
Moise,Kean,8,60,1,1.0,2460,3300,0.2,1,0,0,0,0,0,0,0,0,0,0,2,0.0,0.0,0.0,0.0,726,724,723,726
Niels,Nkounkou,8,40,0,0.0,1769,1814,0.0,0,0,0,0,0,0,0,0,0,0,0,0,0.0,0.0,0.0,0.0,580,568,534,584
Andy,Lonergan,8,39,0,0.0,10190,6063,0.0,0,0,0,0,0,0,0,0,0,0,0,0,0.0,0.0,0.0,0.0,512,494,458,516
Salomón,Rondón,8,60,32,1.7,77240,69904,5.3,776,1,1,2,16,0,0,0,2,0,2,81,94.2,108.9,339.0,53.8,387,268,123,283
Ellis,Simms,8,45,2,2.0,69799,58406,0.4,61,0,0,1,0,0,0,0,0,0,0,6,6.4,0.4,0.0,0.7,483,481,616,501
Lewis,Dobbin,8,45,2,0.7,171591,98478,0.4,30,0,0,0,1,0,0,0,1,0,0,6,2.4,0.9,4.0,0.8,496,468,435,500
Charlie,Whitaker,8,45,0,0.0,1603,1338,0.0,0,0,0,0,0,0,0,0,0,0,0,0,0.0,0.0,0.0,0.0,677,674,661,677
Harry,Tyrer,8,40,0,0.0,7106,4414,0.0,0,0,0,0,0,0,0,0,0,0,0,0,0.0,0.0,0.0,0.0,562,550,516,566
Cenk,Tosun,8,50,1,1.0,132025,126032,0.2,5,0,0,0,0,0,0,0,0,0,0,3,0.0,0.1,0.0,0.0,702,492,695,702
Reece,Welch,8,40,0,0.0,2554,2099,0.0,0,0,0,0,0,0,0,0,0,0,0,0,0.0,0.0,0.0,0.0,573,561,527,577
Tyler,Onyango,8,45,3,1.0,720,540,0.7,27,0,0,0,0,0,0,0,0,0,0,8,1.2,0.0,18.0,1.9,506,662,401,483
Nathan,Patterson,8,42,0,0.0,3208,2257,0.0,0,0,0,0,0,0,0,0,0,0,0,0,0.0,0.0,0.0,0.0,594,583,552,598
Vitalii,Mykolenko,8,49,34,3.4,52229,8532,6.9,784,1,1,2,12,0,0,0,0,0,3,142,157.2,104.5,26.0,28.9,339,271,380,353
Isaac,Price,8,45,0,0.0,86,52,0.0,0,0,0,0,0,0,0,0,0,0,0,0,0.0,0.0,0.0,0.0,678,675,662,678
Kasper,Schmeichel,9,50,118,3.5,1627944,1530335,23.6,3060,0,0,6,56,0,2,0,1,119,12,643,984.0,11.2,0.0,99.8,4,427,690,142
Jonny,Evans,9,54,29,2.1,40688,42666,5.4,1020,1,1,1,20,0,0,0,2,0,0,192,278.6,44.6,69.0,39.3,244,360,320,320
Marc,Albrighton,9,52,36,2.2,22137,32484,6.9,1082,1,1,2,24,0,0,0,3,0,2,154,207.6,193.8,51.0,45.4,292,190,350,307
Nampalys,Mendy,9,43,18,1.8,346927,311033,4.2,762,0,0,2,12,0,0,0,3,0,0,108,66.0,39.3,7.0,11.3,409,367,425,425
Danny,Ward,9,40,0,0.0,239925,263213,0.0,0,0,0,0,0,0,0,0,0,0,0,0,0.0,0.0,0.0,0.0,534,519,484,538
Jamie,Vardy,9,103,95,4.5,3531945,4246866,9.2,1464,10,2,3,24,1,0,0,2,0,17,326,411.8,209.8,576.0,119.0,153,179,56,94
Dennis,Praet,9,49,0,0.0,497,4286,0.0,0,0,0,0,0,0,0,0,0,0,0,0,0.0,0.0,0.0,0.0,699,699,688,699
Ricardo Domingos,Barbosa Pereira,9,52,31,2.4,370597,545671,6.0,970,1,2,1,19,0,0,0,3,0,3,185,252.0,128.1,120.0,50.1,261,245,270,296
Daniel,Amartey,9,40,45,1.9,1570784,1800159,11.2,1897,0,0,4,39,0,0,0,4,0,4,364,409.2,67.3,20.0,49.7,155,318,392,298
Timothy,Castagne,9,53,57,2.5,218019,196422,10.8,1785,1,0,4,28,0,0,0,1,0,4,297,358.2,182.2,68.0,61.0,191,198,321,258
Youri,Tielemans,9,64,111,3.8,991789,1164744,17.3,2359,6,3,5,40,0,0,0,2,0,14,488,664.6,519.0,413.0,159.2,43,48,96,47
Ayoze,Pérez,9,57,21,1.8,11927,29183,3.7,399,0,3,1,14,0,0,0,0,0,0,60,100.4,127.7,146.0,36.9,382,247,241,328
James,Maddison,9,69,135,4.4,3221972,2919091,19.6,2103,8,8,4,38,0,0,0,3,0,16,476,580.2,571.1,669.0,181.9,74,39,48,33
Kelechi,Iheanacho,9,70,78,3.1,734461,1393320,11.1,1191,4,6,1,24,0,0,0,1,0,10,239,290.6,236.1,389.0,91.3,237,169,108,171
Hamza,Choudhury,9,44,8,1.3,12517,16682,1.8,284,0,0,1,4,0,0,0,1,0,0,41,43.0,2.8,6.0,5.3,430,448,429,453
Harvey,Barnes,9,65,105,3.8,622992,1287771,16.2,1812,4,8,6,29,0,0,0,2,0,9,275,396.4,352.5,910.0,165.6,164,109,19,43
Wilfred,Ndidi,9,48,41,2.2,84286,168750,8.5,1617,0,1,5,26,0,0,0,4,0,0,240,322.0,66.0,179.0,57.0,212,320,216,267
Çaglar,Söyüncü,9,49,66,2.4,271476,325489,13.5,2497,1,0,5,44,0,0,0,5,0,6,454,606.4,64.7,90.0,76.2,63,324,300,214
James,Justin,9,49,18,1.8,97295,37102,3.7,726,0,0,1,11,0,0,0,0,0,0,109,144.4,101.0,95.0,34.2,347,275,294,334
Luke,Thomas,9,43,48,2.3,224036,202990,11.2,1821,0,1,5,34,0,0,0,2,0,1,345,402.8,197.7,59.0,66.2,160,188,338,244
Wesley,Fofana,9,43,11,2.8,80966,57701,2.6,360,0,0,1,4,0,0,0,2,0,2,64,76.0,28.4,23.0,12.8,398,387,386,420
Jannik,Vestergaard,9,47,11,1.1,61333,142751,2.3,563,0,0,1,16,0,0,0,2,0,0,115,159.2,15.2,15.0,19.0,338,410,408,396
Patson,Daka,9,70,69,3.1,472619,493661,9.9,1143,5,3,3,20,0,0,0,2,0,8,211,282.6,165.9,443.0,88.6,241,214,85,183
Boubakary,Soumaré,9,48,36,1.9,17180,21522,7.5,1095,0,1,2,27,0,0,0,0,0,1,153,142.6,98.6,40.0,28.1,350,280,367,360
Ryan,Bertrand,9,46,4,1.0,19422,149636,0.9,337,0,0,0,7,0,0,0,1,0,0,32,48.0,14.8,8.0,7.2,424,411,424,443
Kiernan,Dewsbury-Hall,9,44,60,2.5,231171,79479,13.6,1769,1,2,6,25,0,0,0,4,0,4,298,342.0,416.5,204.0,96.4,204,79,199,154
Eldin,Jakupovic,9,39,0,0.0,23493,12922,0.0,0,0,0,0,0,0,0,0,0,0,0,0,0.0,0.0,0.0,0.0,513,495,459,517
Ademola,Lookman,9,59,74,3.1,253596,219308,12.5,1388,6,0,2,30,0,0,0,2,0,6,225,357.2,290.1,475.0,112.0,192,131,73,108
Vontae,Daley-Campbell,9,40,0,0.0,673,656,0.0,0,0,0,0,0,0,0,0,0,0,0,0,0.0,0.0,0.0,0.0,549,536,501,553
Ben,Nelson,9,40,0,0.0,1996,1422,0.0,0,0,0,0,0,0,0,0,0,0,0,0,0.0,0.0,0.0,0.0,582,570,536,586
Lewis,Brunt,9,45,1,1.0,922,634,0.2,23,0,0,0,1,0,0,0,0,0,0,2,2.0,1.5,2.0,0.6,502,459,448,504
Kasey,McAteer,9,45,1,1.0,227,208,0.2,2,0,0,0,0,0,0,0,0,0,0,3,0.0,0.0,0.0,0.0,667,664,651,668
Pablo,Hernández Domínguez,10,55,0,0.0,0,234,0.0,0,0,0,0,0,0,0,0,0,0,0,0,0.0,0.0,0.0,0.0,718,715,714,718
Francisco,Casilla Cortés,10,45,0,0.0,0,481,0.0,0,0,0,0,0,0,0,0,0,0,0,0,0.0,0.0,0.0,0.0,617,610,591,620
Liam,Cooper,10,44,56,3.1,67127,81484,12.7,1544,0,2,5,21,0,0,0,4,0,5,318,379.2,51.8,59.0,49.2,176,343,339,299
Luke,Ayling,10,43,55,2.1,649379,1286169,12.8,2272,2,3,2,66,0,0,0,4,0,8,405,603.2,186.5,238.0,102.5,64,195,178,128
Mateusz,Klich,10,51,57,1.9,92120,116299,11.2,1953,1,2,1,50,0,0,0,5,0,4,257,318.8,409.2,444.0,116.8,215,82,84,98
Rodrigo,Moreno,10,63,80,2.9,469573,447236,12.7,1993,6,2,5,32,0,0,0,8,0,11,330,416.4,501.2,527.0,144.5,147,53,63,65
Stuart,Dallas,10,49,80,2.4,301616,1176970,16.3,2920,1,1,5,66,0,0,0,5,0,6,473,615.8,509.6,288.0,141.8,61,50,151,67
Patrick,Bamford,10,77,28,3.1,904199,2046717,3.6,557,2,2,0,14,0,0,0,2,0,2,90,125.8,69.0,289.0,47.9,364,315,150,302
Diego,Llorente,10,45,72,2.9,108453,101487,16.0,2071,3,0,5,39,0,0,0,7,0,6,388,488.0,39.0,141.0,67.1,116,368,245,242
Kalvin,Phillips,10,47,34,2.0,103370,232111,7.2,1324,0,1,3,20,0,0,0,2,0,0,170,224.0,119.6,96.0,44.2,284,258,291,309
Hélder Wander,Sousa de Azevedo e Costa,10,54,1,1.0,1668,15093,0.2,21,0,0,0,0,0,0,0,0,0,0,1,0.0,0.4,1.0,0.0,714,482,456,714
Tyler,Roberts,10,48,34,1.5,22134,24439,7.1,976,1,1,1,26,0,0,0,5,0,1,105,160.4,189.8,296.0,64.9,337,191,147,248
Robin,Koch,10,43,18,1.1,137046,151219,4.2,1325,0,0,1,35,0,0,0,3,0,0,171,177.8,56.1,101.0,33.7,320,337,290,336
Ian Carlo,Poveda-Ocampo,10,45,0,0.0,551,5819,0.0,0,0,0,0,0,0,0,0,0,0,0,0,0.0,0.0,0.0,0.0,633,629,613,635
Raphael,Dias Belloli,10,63,132,4.1,3919752,4332245,21.0,2659,10,4,5,64,0,0,0,7,0,12,418,706.6,831.1,848.0,238.7,32,12,26,17
Jamie,Shackleton,10,44,18,1.4,21869,23720,4.1,682,0,1,1,14,0,0,0,4,0,0,89,125.2,28.3,62.0,21.7,365,388,332,387
Pascal,Struijk,10,43,26,1.0,14869,38119,6.0,1934,0,1,1,49,0,0,0,6,0,0,308,433.8,111.0,156.0,70.2,137,265,229,233
Illan,Meslier,10,48,98,2.8,211054,364519,20.4,3114,0,0,5,74,0,0,0,2,134,7,668,1021.0,0.0,0.0,101.9,3,695,684,132
Jack,Harrison,10,55,104,3.2,315355,522429,18.9,2422,7,1,3,65,0,0,0,3,0,9,369,561.4,561.6,593.0,170.8,80,41,52,40
Daniel,James,10,60,93,2.8,243295,222710,15.5,2466,4,5,5,48,0,0,0,7,0,2,230,336.4,345.1,806.0,147.7,205,110,29,59
Héctor Junior,Firpo Adames,10,47,19,0.9,29319,80384,4.0,1484,0,2,1,45,1,0,0,10,0,4,191,285.4,250.9,126.0,66.2,238,159,257,245
Kristoffer,Klaesson,10,43,2,2.0,7092,12473,0.5,35,0,0,0,0,0,0,0,0,4,0,12,25.4,0.0,0.0,2.5,449,590,561,474
Sam,Greenwood,10,46,12,2.4,563191,357335,2.6,140,0,2,0,4,0,0,0,0,0,0,46,51.2,44.5,34.0,12.9,423,361,378,419
Crysencio,Summerville,10,45,6,1.0,8669,7997,1.3,126,0,0,0,1,0,0,0,0,0,0,20,18.6,32.0,36.0,8.6,462,377,375,439
Adam,Forshaw,10,45,38,1.7,140258,136921,8.4,1526,0,1,2,41,0,0,0,5,0,0,204,217.2,195.3,119.0,53.3,286,189,272,285
Cody,Drameh,10,39,0,0.0,8911,9261,0.0,126,0,0,0,6,0,0,0,1,0,0,14,20.0,16.5,4.0,4.0,458,406,431,458
Charlie,Cresswell,10,40,4,0.8,64028,52224,1.0,140,0,0,0,4,0,0,0,1,0,0,19,29.2,0.6,4.0,3.3,447,473,433,463
Liam,McCarron,10,44,1,1.0,1799,1709,0.2,9,0,0,0,1,0,0,0,0,0,0,3,0.0,0.0,0.0,0.0,612,605,582,615
Joe,Gelhardt,10,47,35,2.1,851721,546351,7.4,561,2,3,0,23,0,0,0,4,0,3,109,128.4,77.6,361.0,56.4,360,304,120,270
Nohan,Kenneh,10,44,-1,0.0,3589,2860,-0.2,0,0,0,0,0,0,0,0,1,0,0,-3,0.0,0.0,0.0,0.0,613,606,583,616
Stuart,McKinstry,10,43,1,1.0,78426,57264,0.2,3,0,0,0,0,0,0,0,0,0,0,3,0.0,0.1,0.0,0.0,599,490,562,603
Leo Fuhr,Hjelde,10,40,2,1.0,3381,3298,0.5,148,0,0,0,5,0,0,0,0,0,0,29,45.6,12.8,2.0,6.1,427,419,443,447
Lewis,Bate,10,45,2,1.0,131380,129026,0.4,87,0,0,0,2,0,0,0,0,0,0,4,5.4,2.1,0.0,0.8,484,452,645,499
Jack,Jenkins,10,45,0,0.0,884,777,0.0,0,0,0,0,0,0,0,0,0,0,0,0,0.0,0.0,0.0,0.0,680,677,664,680
Kris,Moore,10,40,0,0.0,22324,21786,0.0,0,0,0,0,0,0,0,0,0,0,0,0,0.0,0.0,0.0,0.0,584,572,538,588
Archie,Gray,10,45,0,0.0,1545,969,0.0,0,0,0,0,0,0,0,0,0,0,0,0,0.0,0.0,0.0,0.0,692,689,676,692
James,Milner,11,49,35,1.6,12054,17575,7.1,709,0,1,4,5,0,0,0,2,0,1,167,196.8,254.5,64.0,51.6,299,157,330,294
Jordan,Henderson,11,49,104,3.2,492429,439079,21.2,2397,2,5,14,21,0,0,0,3,0,9,466,458.6,627.8,247.0,133.1,125,25,174,74
Adrián,San Miguel del Castillo,11,43,0,0.0,8675,19997,0.0,0,0,0,0,0,0,0,0,0,0,0,0,0.0,0.0,0.0,0.0,597,586,556,601
Joel,Matip,11,52,141,5.0,1354360,733211,27.1,2520,1,2,17,18,0,0,0,1,0,11,664,573.2,156.7,409.0,114.0,76,223,98,102
Thiago,Alcántara do Nascimento,11,53,64,2.8,96791,144593,12.1,1454,1,3,11,6,0,0,0,2,0,3,317,394.0,406.8,274.0,107.8,166,83,158,118
Xherdan,Shaqiri,11,59,0,0.0,574,7689,0.0,0,0,0,0,0,0,0,0,0,0,0,0,0.0,0.0,0.0,0.0,724,722,721,724
Alex,Oxlade-Chamberlain,11,58,42,2.5,35291,34591,7.2,777,2,1,3,7,0,0,0,0,0,2,148,162.8,170.0,208.0,54.0,335,209,196,280
Roberto,Firmino,11,87,56,3.1,755751,1118460,6.4,878,5,3,5,8,0,0,0,3,0,5,243,295.0,184.3,407.0,88.7,232,197,99,182
Virgil,van Dijk,11,68,177,5.4,2178499,1810626,26.0,2970,3,2,21,20,0,0,0,3,0,12,776,703.4,139.7,422.0,126.4,33,236,90,82
Sadio,Mané,11,118,167,5.2,987821,1025100,14.2,2638,14,5,17,22,0,0,0,5,0,8,470,731.2,578.5,1479.0,278.7,25,37,3,6
Alisson,Ramses Becker,11,61,168,5.1,975924,890241,27.5,2970,0,1,20,21,1,0,0,0,67,15,735,649.8,10.0,0.0,65.9,52,435,724,246
Fabio Henrique,Tavares,11,54,96,3.4,210723,216260,17.8,2282,5,1,15,17,0,0,0,7,0,7,438,501.4,281.8,310.0,109.3,111,141,139,115
Mohamed,Salah,11,133,258,7.8,6520807,5997196,19.4,2708,22,14,17,22,0,0,1,1,0,29,732,1201.6,863.1,2065.0,413.1,1,11,1,1
Andrew,Robertson,11,73,177,6.3,1851290,983786,24.2,2447,2,11,17,19,0,0,0,5,0,22,745,660.2,882.7,329.0,187.4,48,9,129,30
Divock,Origi,11,48,21,3.5,220850,238155,4.4,101,3,0,0,0,0,0,0,0,0,3,86,103.6,5.9,165.0,27.2,379,440,226,367
Takumi,Minamino,11,51,19,1.9,14792,22647,3.7,88,2,0,0,0,0,0,0,1,0,0,62,72.6,18.3,60.0,15.0,402,403,337,411
Trent,Alexander-Arnold,11,84,204,6.8,4400448,3841831,24.3,2673,2,12,18,20,0,0,0,2,0,32,835,825.4,1352.6,468.0,264.9,11,1,75,8
Joseph,Gomez,11,47,21,3.0,23545,64959,4.5,285,0,1,2,2,0,0,0,2,0,2,83,68.0,55.4,11.0,13.5,408,339,412,415
Naby,Keita,11,50,60,3.0,54821,61026,12.0,1003,3,2,8,4,0,0,0,3,0,4,228,281.0,221.8,219.0,72.3,242,176,191,225
Diogo,Jota,11,83,167,5.2,6462446,5981267,20.1,2120,15,6,14,16,0,0,0,3,0,8,463,715.6,497.5,1253.0,245.6,27,55,7,14
Nathaniel,Phillips,11,42,0,0.0,4620,23664,0.0,0,0,0,0,0,0,0,0,0,0,0,0,0.0,0.0,0.0,0.0,593,582,550,597
Caoimhin,Kelleher,11,43,8,4.0,14927,18617,1.9,180,0,0,1,2,0,0,0,0,6,0,52,46.2,0.0,0.0,4.6,426,589,560,455
Ibrahima,Konaté,11,51,29,3.2,113088,261985,5.7,810,0,0,4,8,0,0,0,2,0,0,175,172.2,18.4,16.0,20.6,327,402,405,391
Curtis,Jones,11,50,36,2.8,48006,48809,7.2,698,1,1,4,7,0,0,0,0,0,3,150,139.6,156.9,146.0,44.3,352,222,240,308
Konstantinos,Tsimikas,11,37,38,3.5,2279519,3124644,10.3,694,0,2,4,4,0,0,0,3,0,2,161,170.0,293.8,123.0,58.8,328,130,261,260
Neco,Williams,11,38,4,4.0,76418,114674,1.1,7,0,1,0,0,0,0,0,0,0,0,17,18.2,11.1,2.0,3.1,463,428,440,464
Rhys,Williams,11,44,0,0.0,468,4497,0.0,0,0,0,0,0,0,0,0,0,0,0,0,0.0,0.0,0.0,0.0,603,597,572,606
Ben,Davies,11,40,0,0.0,1080,25000,0.0,0,0,0,0,0,0,0,0,0,0,0,0,0.0,0.0,0.0,0.0,539,525,490,543
Harvey,Elliott,11,53,10,2.0,42329,49820,1.9,280,0,0,2,1,0,0,0,0,0,0,39,30.6,94.2,83.0,20.8,445,285,307,390
Ben,Woodburn,11,45,0,0.0,2273,3168,0.0,0,0,0,0,0,0,0,0,0,0,0,0,0.0,0.0,0.0,0.0,626,622,605,628
Tyler,Morton,11,45,1,0.5,811,732,0.2,65,0,0,0,1,0,0,0,1,0,0,4,2.8,2.4,0.0,0.6,493,449,640,505
Kaide,Gordon,11,45,1,1.0,866,696,0.2,8,0,0,0,0,0,0,0,0,0,0,-3,4.0,0.6,9.0,1.4,490,476,416,489
Conor,Bradley,11,40,0,0.0,759,772,0.0,0,0,0,0,0,0,0,0,0,0,0,0,0.0,0.0,0.0,0.0,579,567,533,583
Owen,Beck,11,40,0,0.0,21243,21277,0.0,0,0,0,0,0,0,0,0,0,0,0,0,0.0,0.0,0.0,0.0,556,543,508,560
Marcelo,de Araújo Pitaluga Filho,11,40,0,0.0,1079,852,0.0,0,0,0,0,0,0,0,0,0,0,0,0,0.0,0.0,0.0,0.0,560,548,514,564
Jarell,Quansah,11,40,0,0.0,315,343,0.0,0,0,0,0,0,0,0,0,0,0,0,0,0.0,0.0,0.0,0.0,558,546,512,562
Luis,Díaz,11,80,57,5.2,655958,274495,7.1,796,4,2,6,2,0,0,0,0,0,6,196,252.6,228.3,508.0,99.0,260,171,69,143
Jack,Grealish,12,75,76,3.2,1259052,2580943,10.1,1811,2,3,15,6,0,0,0,3,0,0,321,345.2,661.0,822.0,182.9,201,18,28,32
Kyle,Walker,12,54,85,4.2,847566,1020396,15.7,1755,0,2,10,14,0,0,0,1,0,5,403,274.2,247.8,110.0,63.2,249,161,281,253
Ilkay,Gündogan,12,71,108,4.3,732972,1188873,15.2,1739,6,5,14,8,0,0,0,1,0,7,434,473.0,608.1,728.0,181.1,119,29,37,34
Kevin,De Bruyne,12,119,164,6.1,2787088,2051497,13.8,1926,11,7,13,17,0,0,0,1,0,29,604,819.8,1064.0,734.0,262.0,12,4,36,9
John,Stones,12,52,69,5.3,195807,842813,13.3,1027,1,0,9,4,0,0,0,0,0,4,277,204.6,65.9,110.0,38.0,295,321,280,324
Benjamin,Mendy,12,52,3,3.0,18626,76113,0.6,78,0,0,0,1,0,0,0,0,0,1,22,15.2,29.1,2.0,4.6,469,386,453,456
Riyad,Mahrez,12,86,130,5.2,1072892,1375272,15.1,1327,11,6,7,11,0,0,0,0,0,12,455,596.0,555.2,751.0,189.9,66,43,34,28
Raheem,Sterling,12,105,147,5.2,740376,809048,14.0,1997,12,5,13,15,0,0,1,1,0,13,427,655.4,549.0,1130.0,233.6,50,44,12,18
João Pedro Cavaco,Cancelo,12,72,194,5.9,5592453,2797093,26.9,2957,1,10,19,20,0,0,0,7,0,27,777,744.8,716.4,759.0,222.2,24,14,33,21
Ederson,Santana de Moraes,12,62,151,4.4,1191457,1049554,24.4,3060,0,0,20,21,0,0,0,3,58,4,676,536.6,0.0,0.0,53.6,99,726,726,284
Nathan,Aké,12,47,53,4.1,64071,72578,11.3,890,2,0,5,3,0,0,0,0,0,0,225,240.4,58.7,75.0,37.4,272,332,315,327
Aymeric,Laporte,12,60,156,5.2,2119671,1266833,26.0,2590,4,2,18,19,0,0,0,5,0,8,668,606.6,176.8,326.0,110.7,62,203,132,112
Zack,Steffen,12,44,7,7.0,16715,27315,1.6,90,0,0,1,0,0,0,0,0,2,1,29,23.0,0.0,0.0,2.3,452,595,569,476
Bernardo Mota,Veiga de Carvalho e Silva,12,70,146,4.6,4385238,3336572,20.9,2609,8,7,16,19,0,0,0,6,0,15,611,691.6,800.9,901.0,239.9,38,13,21,16
Rúben Santos,Gato Alves Dias,12,62,141,4.9,2624760,3377828,22.7,2401,2,5,14,18,0,0,0,5,0,12,622,581.2,225.2,268.0,107.6,73,174,164,119
Gabriel Fernando,de Jesus,12,86,117,4.5,2857003,2263842,13.6,1691,8,8,11,11,0,0,0,0,0,16,474,556.2,493.4,1010.0,205.8,89,57,14,25
Oleksandr,Zinchenko,12,53,52,4.3,127032,178025,9.8,819,0,3,5,5,0,0,0,0,0,4,232,188.4,173.7,64.0,42.7,307,207,331,311
Phil,Foden,12,79,133,5.1,2827748,2384425,16.8,1955,9,6,13,13,0,0,0,1,0,11,459,556.8,653.2,908.0,212.1,86,19,20,23
Rodrigo,Hernandez,12,55,111,3.7,283032,213555,20.2,2614,6,1,17,17,0,0,0,5,0,7,548,666.0,498.3,417.0,158.5,42,54,94,48
Ferran,Torres,12,67,26,6.5,1732247,1835530,3.9,303,2,1,3,1,0,0,0,0,0,2,65,88.6,30.0,204.0,32.3,390,384,200,341
Fernando,Luiz Rosa,12,47,40,2.5,45186,61364,8.5,745,2,1,3,8,0,0,0,1,0,2,171,193.2,159.2,145.0,49.9,302,219,242,297
Cole,Palmer,12,45,9,2.2,13529,15069,2.0,121,0,1,1,0,0,0,0,0,0,0,29,11.0,30.8,60.0,10.2,474,379,335,427
Samuel,Edozie,12,47,0,0.0,896,2169,0.0,0,0,0,0,0,0,0,0,0,0,0,0,0.0,0.0,0.0,0.0,694,693,681,694
Tommy,Doyle,12,45,0,0.0,432,536,0.0,0,0,0,0,0,0,0,0,0,0,0,0,0.0,0.0,0.0,0.0,637,633,618,639
Scott,Carson,12,39,0,0.0,293615,200222,0.0,0,0,0,0,0,0,0,0,0,0,0,0,0.0,0.0,0.0,0.0,514,496,460,518
Luke,Mbete,12,39,0,0.0,4755,4080,0.0,0,0,0,0,0,0,0,0,0,0,0,0,0.0,0.0,0.0,0.0,527,511,476,531
Joshua,Wilson-Esbrand,12,39,0,0.0,22247,14483,0.0,0,0,0,0,0,0,0,0,0,0,0,0,0.0,0.0,0.0,0.0,528,512,477,532
Romeo,Lavia,12,44,0,0.0,21977,21855,0.0,0,0,0,0,0,0,0,0,0,0,0,0,0.0,0.0,0.0,0.0,615,608,587,618
Cieran,Slicker,12,40,0,0.0,1646,1334,0.0,0,0,0,0,0,0,0,0,0,0,0,0,0.0,0.0,0.0,0.0,557,545,510,561
James,McAtee,12,44,2,1.0,554,479,0.5,18,0,0,0,0,0,0,0,0,0,0,3,0.0,0.2,0.0,0.0,606,488,575,609
Conrad,Egan-Riley,12,40,1,1.0,661,562,0.2,3,0,0,0,0,0,0,0,0,0,0,5,2.2,0.0,0.0,0.2,498,544,509,509
Kayky da Silva,Chagas,12,50,1,1.0,24258,23179,0.2,6,0,0,0,0,0,0,0,0,0,0,2,0.0,0.3,0.0,0.0,710,485,703,710
Liam,Delap,12,45,1,1.0,43146,22463,0.2,8,0,0,0,0,0,0,0,0,0,0,2,0.0,0.0,2.0,0.1,670,667,450,513
Edinson,Cavani,13,84,32,2.3,169046,629344,3.8,670,2,1,1,9,0,0,0,0,0,2,99,109.0,73.7,283.0,46.7,376,312,152,304
David,de Gea,13,50,130,3.5,1943424,1583991,26.0,3330,0,0,8,56,0,2,0,0,125,7,655,947.2,0.3,0.0,94.2,5,484,693,161
Nemanja,Matic,13,43,52,2.3,84792,76354,12.1,1375,0,4,2,26,0,0,0,3,0,3,271,302.6,216.9,45.0,56.5,226,178,356,268
Paul,Pogba,13,74,65,3.2,2197669,2523723,8.8,1347,1,9,2,22,0,0,0,7,0,6,254,332.6,355.1,328.0,101.4,207,105,130,135
Harry,Maguire,13,54,67,2.3,381654,1042656,12.4,2423,1,0,7,42,1,0,0,7,0,4,440,560.8,75.9,314.0,95.1,82,310,136,159
Frederico,Rodrigues de Paula Santos,13,49,91,3.4,381324,370090,18.6,1952,4,5,7,30,1,0,0,5,0,8,415,583.4,390.2,201.0,117.5,72,90,204,97
Luke,Shaw,13,50,46,2.3,918450,4215527,9.2,1600,0,3,3,24,0,0,0,8,0,3,276,292.0,586.1,54.0,93.3,235,35,348,163
Jesse,Lingard,13,67,29,1.8,61366,155101,4.3,354,2,0,0,13,0,0,0,1,0,1,105,115.8,109.5,102.0,32.7,373,266,289,339
Bruno Miguel,Borges Fernandes,13,116,150,4.3,2634430,5562150,12.9,3020,10,7,8,53,0,0,2,9,0,15,626,901.0,1275.5,853.0,303.3,8,2,25,3
Anthony,Martial,13,76,14,1.8,30481,149081,1.8,207,1,0,0,3,0,0,0,0,0,2,40,40.4,17.5,91.0,14.6,435,405,298,412
Alex Nicolao,Telles,13,50,65,3.2,284909,217419,13.0,1568,0,4,5,25,0,0,0,1,0,6,330,382.4,437.3,95.0,91.5,172,72,295,169
Dean,Henderson,13,47,0,0.0,5316,97961,0.0,0,0,0,0,0,0,0,0,0,0,0,0,0.0,0.0,0.0,0.0,693,692,680,693
Marcus,Rashford,13,94,63,2.5,314714,310873,6.7,1224,4,2,2,28,0,0,0,2,0,0,171,233.8,155.4,406.0,79.4,278,224,100,205
Axel,Tuanzebe,13,44,14,1.6,23217,63064,3.2,505,0,0,1,10,0,0,0,1,0,0,86,71.2,1.1,43.0,11.5,403,463,361,424
Victor,Lindelöf,13,48,65,2.4,100806,122824,13.5,2263,0,2,6,46,0,0,0,3,0,4,458,433.2,75.4,66.0,57.6,138,311,325,266
Scott,McTominay,13,54,66,2.3,93435,119890,12.2,2296,1,2,8,36,0,0,0,9,0,2,343,463.4,311.8,258.0,103.4,122,125,169,126
Eric,Bailly,13,49,2,0.5,11995,18352,0.4,216,0,0,0,4,1,0,0,1,0,0,22,36.0,1.0,0.0,3.7,441,466,689,460
Aaron,Wan-Bissaka,13,51,41,2.0,242851,802049,8.0,1793,0,0,3,35,0,0,0,2,0,3,329,371.8,237.0,123.0,73.3,182,167,262,221
Mason,Greenwood,13,71,71,3.9,1920418,2369935,10.0,1269,5,2,3,18,0,0,0,1,0,7,232,292.2,266.1,516.0,107.3,234,149,65,120
Juan,Mata,13,47,9,1.5,5220,7610,1.9,202,0,0,1,4,0,0,0,0,0,0,46,31.0,52.1,57.0,14.0,444,342,345,414
Jadon,Sancho,13,89,91,3.1,486621,1072004,10.2,1894,3,4,6,28,0,0,0,0,0,9,362,363.2,596.7,549.0,150.9,188,31,59,54
Tom,Heaton,13,39,0,0.0,80987,58293,0.0,0,0,0,0,0,0,0,0,0,0,0,0,0.0,0.0,0.0,0.0,517,499,463,521
José Diogo,Dalot Teixeira,13,42,53,2.3,638027,519841,12.6,1719,0,0,5,28,0,0,0,3,0,5,370,404.0,282.2,124.0,80.9,158,140,260,199
Andreas,Pereira,13,50,0,0.0,167,1931,0.0,0,0,0,0,0,0,0,0,0,0,0,0,0.0,0.0,0.0,0.0,706,706,699,706
Anthony,Elanga,13,48,57,2.9,202647,120675,11.9,1118,2,3,4,16,0,0,0,0,0,2,186,199.8,168.2,297.0,66.6,296,210,146,243
Raphaël,Varane,13,55,75,3.4,696265,682198,13.6,1829,1,1,5,22,0,0,0,0,0,9,378,402.4,60.0,119.0,58.5,161,331,273,262
Cristiano Ronaldo,dos Santos Aveiro,13,122,159,5.3,7005326,5882004,13.0,2454,18,3,8,41,0,0,0,8,0,29,608,800.4,421.9,1535.0,274.6,14,75,2,7
Phil,Jones,13,45,4,1.0,5063,3965,0.9,161,0,0,0,3,0,0,0,0,0,0,41,53.0,1.6,0.0,5.5,420,458,595,450
Amad,Diallo,13,50,0,0.0,580,585,0.0,0,0,0,0,0,0,0,0,0,0,0,0,0.0,0.0,0.0,0.0,712,711,705,712
Hannibal,Mejbri,13,45,0,0.0,970,548,0.0,6,0,0,0,1,0,0,0,1,0,0,-1,0.0,0.6,0.0,0.0,671,475,654,671
Alejandro,Garnacho Ferreyra,13,45,1,1.0,447,134,0.2,1,0,0,0,0,0,0,0,0,0,0,3,0.0,0.0,0.0,0.0,681,678,665,681
Shola,Shoretire,13,45,0,0.0,41,13,0.0,0,0,0,0,0,0,0,0,0,0,0,0,0.0,0.0,0.0,0.0,673,669,656,673
Álvaro,Fernández,13,40,0,0.0,169,26,0.0,0,0,0,0,0,0,0,0,0,0,0,0,0.0,0.0,0.0,0.0,586,574,540,590
Joseph,Willock,14,54,79,2.7,504993,547302,14.6,2037,2,3,6,37,0,0,0,0,0,3,248,320.4,243.2,449.0,101.3,214,165,83,137
Matt,Targett,14,47,90,2.9,408628,873719,19.1,2691,1,2,8,46,1,0,0,3,0,4,478,549.8,596.0,184.0,133.1,92,32,214,73
Dan,Burn,14,44,84,3.1,291198,204830,19.1,2281,1,1,8,29,0,0,0,8,0,6,416,551.2,82.6,262.0,89.4,91,301,168,176
Chris,Wood,14,64,90,2.7,953408,1002628,14.1,2676,5,0,6,41,0,0,0,1,0,8,225,270.6,265.3,784.0,130.1,252,150,31,77
Jonjo,Shelvey,14,53,63,2.6,37901,39220,11.9,1981,2,1,6,30,0,0,0,5,0,6,292,320.8,246.7,156.0,72.6,213,164,230,224
Matt,Ritchie,14,49,19,1.1,38554,53102,3.9,1332,0,2,0,37,0,0,0,5,0,0,204,225.0,420.1,92.0,73.9,283,76,296,220
Ciaran,Clark,14,44,14,1.1,12816,20223,3.2,1012,0,1,0,27,0,0,0,2,0,1,131,189.2,49.9,95.0,33.1,305,346,292,338
Karl,Darlow,14,45,20,2.5,46186,80026,4.4,720,0,0,0,15,0,0,0,1,24,3,110,157.0,0.0,0.0,15.8,341,612,593,407
Martin,Dubravka,14,44,86,3.6,426588,217966,19.5,2160,0,0,7,34,0,0,0,1,68,8,424,558.6,0.0,0.0,55.9,84,593,566,273
Callum,Wilson,14,71,60,3.8,699016,1160116,8.5,1206,6,0,2,31,0,0,0,4,0,11,166,248.8,105.2,404.0,74.6,263,269,102,216
Jeff,Hendrick,14,48,8,2.7,3981,7146,1.7,69,1,0,0,3,0,0,0,0,0,0,25,38.8,12.1,9.0,6.0,437,424,417,448
Ryan,Fraser,14,51,77,3.0,246395,234500,15.1,1446,2,5,5,23,0,0,0,3,0,8,262,244.0,417.8,307.0,95.8,269,77,142,155
Jamaal,Lascelles,14,44,44,1.8,29821,46750,10.0,1924,1,1,3,43,2,0,0,5,0,2,270,395.6,46.4,268.0,70.7,165,355,163,232
Dwight,Gayle,14,52,6,0.9,28759,37255,1.2,33,0,0,0,0,0,0,0,1,0,0,16,3.2,13.9,4.0,2.1,492,414,437,480
Paul,Dummett,14,45,7,2.3,2892,3358,1.6,197,0,0,1,1,0,0,0,2,0,0,28,24.2,1.9,0.0,2.6,450,455,597,473
Javier,Manquillo,14,39,38,2.0,707790,1049783,9.7,1258,1,3,1,27,0,0,0,5,0,0,206,244.2,65.4,64.0,37.7,268,322,328,325
Emil,Krafth,14,43,51,2.7,18818,15035,11.9,1546,0,1,5,20,0,0,0,5,0,2,237,256.0,89.7,51.0,39.9,258,289,349,317
Jacob,Murphy,14,46,59,1.9,153703,152036,12.8,1364,1,4,2,34,0,0,0,4,0,0,203,256.4,280.0,256.0,79.0,257,143,170,206
Fabian,Schär,14,42,87,3.6,705671,448141,20.7,2110,2,2,6,32,0,0,0,4,0,10,376,462.0,114.9,226.0,80.5,124,263,184,200
Isaac,Hayden,14,45,28,2.0,55499,62136,6.2,1000,1,0,0,25,0,0,0,5,0,3,124,187.6,33.6,66.0,28.3,308,373,324,357
Allan,Saint-Maximin,14,67,109,3.3,3713258,3354816,16.3,2657,5,6,8,53,0,0,0,6,0,15,373,543.8,643.0,824.0,201.4,96,21,27,27
Miguel,Almirón,14,50,54,1.9,46047,69974,10.8,1543,1,0,5,31,0,0,0,2,0,0,202,212.4,219.3,329.0,76.3,288,177,128,213
Sean,Longstaff,14,43,43,2.0,138159,135791,10.0,1278,1,1,1,28,0,0,0,1,0,1,180,216.2,88.3,77.0,38.3,287,291,313,323
Joelinton Cássio,Apolinário de Lira,14,58,77,2.3,296693,255796,13.3,2454,4,1,6,46,0,0,0,8,0,7,309,520.4,373.6,560.0,145.0,105,97,58,64
Jamal,Lewis,14,42,10,2.0,9483,18266,2.4,261,0,0,1,4,0,0,0,1,0,0,39,39.4,13.8,2.0,5.6,436,415,444,449
Matthew,Longstaff,14,45,0,0.0,1349,9563,0.0,0,0,0,0,0,0,0,0,0,0,0,0,0.0,0.0,0.0,0.0,642,637,623,643
Federico,Fernández,14,43,11,1.6,7452,19412,2.6,521,0,1,0,12,0,0,0,0,0,0,91,129.4,13.8,69.0,21.2,357,416,318,388
Freddie,Woodman,14,43,9,2.2,50848,66051,2.1,360,0,0,0,12,0,1,0,0,10,0,64,89.4,0.0,0.0,9.0,389,587,558,434
Mark,Gillespie,14,39,0,0.0,47321,38716,0.0,0,0,0,0,0,0,0,0,0,0,0,0,0.0,0.0,0.0,0.0,519,503,467,523
Joe,White,14,44,0,0.0,35452,33658,0.0,0,0,0,0,0,0,0,0,0,0,0,0,0.0,0.0,0.0,0.0,610,603,580,613
Elliot,Anderson,14,45,0,0.0,3266,3146,0.0,0,0,0,0,0,0,0,0,0,0,0,0,0.0,0.0,0.0,0.0,632,628,612,634
Kieran,Trippier,14,49,26,5.2,152156,138403,5.3,339,2,0,1,4,0,0,0,0,0,3,88,146.2,121.7,14.0,28.3,345,253,409,358
Bruno,Guimarães Rodriguez Moura,14,50,54,3.6,248623,83862,10.8,851,4,1,3,12,0,0,0,4,0,8,200,329.8,157.6,276.0,76.5,208,221,156,211
Lucas,De Bolle,14,44,0,0.0,1031,756,0.0,0,0,0,0,0,0,0,0,0,0,0,0,0.0,0.0,0.0,0.0,611,604,581,614
Billy,Gilmour,15,43,45,2.0,519357,921193,10.5,1701,0,1,2,48,0,0,0,2,0,1,267,261.8,437.8,125.0,82.4,255,71,259,194
Brandon,Williams,15,39,36,1.4,1011262,822977,9.2,2119,0,1,2,52,0,0,0,8,0,4,346,371.8,289.3,80.0,74.5,181,133,310,217
Michael,McGovern,15,39,0,0.0,144210,103948,0.0,0,0,0,0,0,0,0,0,0,0,0,0,0.0,0.0,0.0,0.0,516,498,462,520
Tim,Krul,15,45,88,3.1,188135,205796,19.6,2520,0,0,5,57,1,0,0,1,99,11,508,749.8,13.4,0.0,76.4,23,417,590,212
Teemu,Pukki,15,61,130,3.8,1921936,1530677,21.3,2983,10,3,6,70,0,0,0,4,0,17,414,484.6,339.2,957.0,178.0,117,112,15,35
Marco,Stiepermann,15,50,0,0.0,0,41,0.0,0,0,0,0,0,0,0,0,0,0,0,0,0.0,0.0,0.0,0.0,703,703,696,703
Lukas,Rupp,15,44,20,1.2,48748,48742,4.5,655,0,0,0,14,0,0,0,0,0,0,104,83.6,127.5,111.0,32.1,393,248,279,342
Kenny,McLean,15,49,69,2.2,21375,22522,14.1,2707,1,0,6,62,0,0,0,3,0,0,308,346.6,184.9,355.0,88.8,198,196,121,179
Grant,Hanley,15,44,68,2.3,43075,44382,15.5,2627,1,0,6,61,0,0,0,2,0,4,476,695.2,63.1,188.0,94.7,36,327,211,160
Onel,Hernández,15,49,0,0.0,392,4859,0.0,0,0,0,0,0,0,0,0,0,0,0,0,0.0,0.0,0.0,0.0,698,698,687,698
Sam,Byram,15,44,18,1.5,3856,4639,4.1,808,0,0,2,21,0,0,0,2,0,0,139,181.2,56.8,117.0,35.6,315,336,274,330
Jordan,Hugill,15,54,0,0.0,507,3461,0.0,0,0,0,0,0,0,0,0,0,0,0,0,0.0,0.0,0.0,0.0,715,713,711,715
Kieran,Dowell,15,51,37,2.2,6365,8168,7.3,763,1,1,2,21,0,0,0,0,0,1,104,126.6,203.8,80.0,40.7,362,183,311,315
Christoph,Zimmermann,15,44,0,0.0,2745,8917,0.0,102,0,0,0,5,0,0,0,0,0,0,14,19.8,0.5,7.0,2.8,459,478,426,470
Todd,Cantwell,15,53,10,1.2,28054,72466,1.9,438,0,0,0,15,0,0,0,2,0,0,48,34.4,48.5,20.0,10.3,442,348,397,426
Max,Aarons,15,43,50,1.6,92884,198846,11.6,2609,0,1,4,60,1,0,0,7,0,2,367,453.2,279.6,160.0,88.9,127,144,228,178
Jacob,Sørensen,15,43,8,1.1,1509,5330,1.9,458,0,0,0,11,0,0,0,0,0,0,67,94.4,11.4,86.0,19.3,386,426,304,395
Przemyslaw,Placheta,15,47,17,1.5,2858,3816,3.6,476,0,0,1,11,0,0,0,1,0,0,56,59.8,76.9,137.0,27.5,413,307,248,365
Adam,Idah,15,48,36,2.1,237533,239550,7.5,617,1,2,1,11,0,0,0,0,0,3,107,120.2,84.0,187.0,38.5,368,298,212,322
Josh,Martin,15,50,0,0.0,0,31,0.0,0,0,0,0,0,0,0,0,0,0,0,0,0.0,0.0,0.0,0.0,709,709,702,709
Andrew,Omobamidele,15,39,14,2.8,483883,473866,3.6,381,1,0,0,9,0,0,0,1,0,3,74,126.4,5.7,35.0,16.8,363,441,376,400
Angus,Gunn,15,40,26,3.7,187432,158299,6.5,630,0,0,1,18,0,1,0,0,27,3,144,239.0,0.0,0.0,23.9,275,520,485,381
Milot,Rashica,15,52,66,2.3,27160,36316,12.7,2072,1,2,4,49,0,0,0,0,0,0,173,276.0,473.0,435.0,118.6,245,62,87,95
Ben,Gibson,15,44,51,1.9,11349,14978,11.6,2404,0,0,6,56,0,0,0,3,0,0,400,530.2,46.7,139.0,71.8,102,354,247,228
Dimitris,Giannoulis,15,44,37,2.5,7033,11392,8.4,895,0,1,4,18,0,0,0,1,0,2,197,191.4,127.9,32.0,35.2,304,246,379,331
Pierre,Lees-Melou,15,48,63,2.1,17468,19941,13.1,2011,1,2,5,47,0,0,0,5,0,0,288,328.0,352.5,238.0,91.7,209,108,180,168
Bali,Mumba,15,39,0,0.0,18099,32854,0.0,45,0,0,0,3,0,0,0,0,0,0,6,9.6,3.3,0.0,1.3,476,447,472,491
Joshua,Sargent,15,54,60,2.3,93017,86917,11.1,1566,2,2,4,33,0,0,0,1,0,3,205,189.0,166.7,323.0,68.0,306,211,134,240
Christos,Tzolis,15,48,16,1.1,5411,9151,3.3,326,0,0,0,9,0,0,0,0,0,0,58,38.6,97.0,107.0,24.1,438,282,285,379
Ozan,Kabak,15,43,18,1.6,11185,10695,4.2,923,0,0,2,25,0,0,0,2,0,0,137,166.2,23.9,65.0,25.6,331,393,327,373
Mathias,Normann,15,45,50,2.4,71678,65421,11.1,1484,1,2,4,34,0,0,0,4,0,3,191,266.6,181.0,103.0,54.7,253,200,287,276
Jonathan,Tomkinson,15,40,0,0.0,3013,2346,0.0,0,0,0,0,0,0,0,0,0,0,0,0,0.0,0.0,0.0,0.0,566,554,520,570
Jonathan,Rowe,15,44,14,1.3,2151,1651,3.2,178,0,1,0,4,0,0,0,0,0,0,31,37.6,48.0,46.0,13.2,440,350,355,417
Thomas,Dickson-Peters,15,45,0,0.0,16188,14014,0.0,0,0,0,0,0,0,0,0,0,0,0,0,0.0,0.0,0.0,0.0,659,655,642,660
Jon,McCracken,15,40,0,0.0,57690,53017,0.0,0,0,0,0,0,0,0,0,0,0,0,0,0.0,0.0,0.0,0.0,548,535,500,552
Liam,Gibbs,15,45,0,0.0,15333,7177,0.0,0,0,0,0,0,0,0,0,0,0,0,0,0.0,0.0,0.0,0.0,686,683,670,686
Abu,Kamara,15,45,0,0.0,33782,10824,0.0,0,0,0,0,0,0,0,0,0,0,0,0,0.0,0.0,0.0,0.0,676,673,660,676
Tony,Springett,15,45,1,1.0,409,268,0.2,45,0,0,0,1,0,0,0,0,0,0,2,1.4,0.7,8.0,1.0,505,472,423,493
Theo,Walcott,16,58,12,1.3,7360,22233,2.1,376,0,0,0,8,0,0,0,0,0,0,28,13.6,19.2,70.0,9.7,470,401,317,428
Fraser,Forster,16,44,57,3.0,155318,139510,13.0,1710,0,0,3,35,0,0,0,1,68,6,330,559.8,0.0,0.0,56.2,83,592,564,272
Alex,McCarthy,16,43,53,3.5,472256,530414,12.3,1350,0,0,5,21,0,0,0,1,39,3,260,305.8,10.0,0.0,31.7,222,433,555,343
Oriol,Romeu Vidal,16,45,86,2.5,105475,106564,19.1,2781,2,2,7,49,0,0,0,8,0,6,472,525.2,521.2,247.0,129.5,104,47,173,79
Nathan,Redmond,16,59,68,2.7,57039,60493,11.5,1655,0,6,4,28,0,0,0,0,0,4,281,282.6,504.4,265.0,105.2,240,51,167,123
Jack,Stephens,16,44,12,1.3,3769,9770,2.7,630,0,0,1,13,0,0,0,2,0,0,108,149.0,46.9,6.0,20.3,344,353,428,393
Stuart,Armstrong,16,58,51,2.2,36116,54195,8.8,1356,2,0,3,26,0,0,0,1,0,3,216,249.4,362.9,369.0,98.2,262,99,116,149
James,Ward-Prowse,16,65,150,4.4,1375768,1204626,23.1,3035,9,5,7,59,0,0,0,3,0,21,726,918.2,1158.1,386.0,246.4,7,3,111,13
Kyle,Walker-Peters,16,48,81,2.7,230760,192261,16.9,2450,1,3,6,43,0,0,0,5,0,7,461,453.2,358.9,419.0,122.8,128,101,91,90
Jan,Bednarek,16,44,94,3.0,291984,252304,21.4,2629,4,0,7,52,1,0,0,10,0,15,499,699.6,88.1,321.0,111.2,35,292,135,111
Daniel,N'Lundulu,16,45,0,0.0,0,1700,0.0,0,0,0,0,0,0,0,0,0,0,0,0,0.0,0.0,0.0,0.0,629,625,608,631
Che,Adams,16,66,101,3.6,1087089,985713,15.3,1999,7,4,5,37,0,0,0,0,0,11,329,425.8,336.7,798.0,156.2,143,113,30,52
Nathan,Tella,16,47,25,1.9,6548,13824,5.3,732,0,1,1,16,0,0,0,1,0,0,72,56.4,91.8,134.0,28.0,415,287,250,361
William,Smallbone,16,45,4,1.3,23813,23744,0.9,131,0,0,0,4,0,0,0,0,0,0,22,7.2,15.7,8.0,3.1,480,409,422,465
Michael,Obafemi,16,45,0,0.0,256598,1013007,0.0,0,0,0,0,0,0,0,0,0,0,0,0,0.0,0.0,0.0,0.0,638,634,619,640
Ibrahima,Diallo,16,45,42,1.9,28212,28740,9.3,946,0,3,1,19,0,0,0,1,0,3,183,172.6,209.1,79.0,46.0,325,180,312,306
Moussa,Djenepo,16,52,12,1.1,4956,8720,2.3,434,0,0,1,7,0,0,0,3,0,0,20,45.2,87.0,126.0,25.8,428,293,258,372
Mohammed,Salisu,16,45,57,1.8,55780,50932,12.7,2791,0,0,6,52,1,0,0,8,0,4,440,688.4,121.6,330.0,113.7,39,254,127,103
Romain,Perraud,16,48,38,1.9,14251,17965,7.9,1621,0,1,3,33,0,0,0,3,0,1,189,195.2,152.7,178.0,52.4,300,227,218,289
Tino,Livramento,16,42,80,2.9,2847076,2458644,19.0,2200,1,2,7,42,0,0,0,2,0,7,440,437.2,327.4,221.0,98.8,134,118,188,145
Mohamed,Elyounoussi,16,54,86,3.1,68559,59386,15.9,1878,4,3,8,32,0,0,0,4,0,6,231,376.0,328.5,719.0,142.2,180,117,40,66
Armando,Broja,16,54,90,2.9,2424052,1727751,16.7,1888,6,2,5,35,0,0,0,2,0,11,227,272.4,158.5,714.0,114.1,250,220,41,101
Shane,Long,16,54,18,1.5,34266,41942,3.3,293,1,0,0,4,0,0,0,1,0,0,45,57.8,29.2,169.0,25.5,414,385,223,375
Adam,Armstrong,16,57,55,2.5,854371,887679,9.6,1347,2,3,4,30,0,0,0,1,0,3,146,179.2,173.9,567.0,91.3,317,206,57,170
Yan,Valery,16,39,9,1.8,101748,61444,2.3,369,0,0,1,7,0,0,0,0,0,0,62,70.8,20.4,2.0,9.3,405,398,441,431
Lyanco Evangelista,Silveira Neves Vojnovic,16,44,18,1.4,2167,2484,4.1,726,0,0,1,14,0,0,0,2,0,1,118,154.2,34.7,50.0,23.8,343,372,351,382
Harry,Lewis,16,39,0,0.0,87404,28071,0.0,0,0,0,0,0,0,0,0,0,0,0,0,0.0,0.0,0.0,0.0,521,505,469,525
Willy,Caballero,16,42,2,1.0,10366,8410,0.5,180,0,0,0,5,0,0,0,1,6,0,23,53.2,0.0,0.0,5.4,418,579,546,451
Dynel,Simeu,16,40,0,0.0,263,290,0.0,0,0,0,0,0,0,0,0,0,0,0,0,0.0,0.0,0.0,0.0,555,542,507,559
Thierry,Small,16,40,0,0.0,111400,108775,0.0,0,0,0,0,0,0,0,0,0,0,0,0,0.0,0.0,0.0,0.0,578,566,532,582
Kgaogelo,Chauke,16,45,0,0.0,675,486,0.0,0,0,0,0,0,0,0,0,0,0,0,0,0.0,0.0,0.0,0.0,660,656,643,661
Tyler,Dibling,16,45,0,0.0,5,1,0.0,0,0,0,0,0,0,0,0,0,0,0,0,0.0,0.0,0.0,0.0,685,682,669,685
Joe,Hart,17,45,0,0.0,0,1742,0.0,0,0,0,0,0,0,0,0,0,0,0,0,0.0,0.0,0.0,0.0,616,609,588,619
Hugo,Lloris,17,54,139,4.0,1265822,1135604,25.7,3150,0,0,13,40,0,0,0,1,92,10,635,708.0,23.0,0.0,73.0,31,394,709,222
Toby,Alderweireld,17,50,0,0.0,0,2291,0.0,0,0,0,0,0,0,0,0,0,0,0,0,0.0,0.0,0.0,0.0,701,702,694,701
Erik,Lamela,17,60,0,0.0,0,394,0.0,0,0,0,0,0,0,0,0,0,0,0,0,0.0,0.0,0.0,0.0,725,723,722,725
Harry,Kane,17,124,162,4.8,4083097,3453386,13.1,2961,13,10,11,40,0,0,0,5,0,18,558,855.4,616.8,1465.0,293.3,10,26,4,5
Serge,Aurier,17,49,0,0.0,7608,47788,0.0,0,0,0,0,0,0,0,0,0,0,0,0,0.0,0.0,0.0,0.0,696,696,685,696
Heung-Min,Son,17,110,230,7.2,6248970,5675977,20.9,2758,20,9,15,30,0,0,0,1,0,25,752,1074.2,947.9,1150.0,317.7,2,6,10,2
Matt,Doherty,17,45,67,4.5,925576,905338,14.9,871,2,5,3,11,0,0,0,0,0,8,255,279.6,224.4,291.0,79.6,243,175,149,204
Eric,Dier,17,47,113,3.5,1490794,1266904,24.0,2801,0,1,13,30,1,0,0,1,0,6,599,660.4,99.9,195.0,95.5,46,277,208,156
Lucas,Rodrigues Moura da Silva,17,59,80,2.6,968298,958889,13.6,1645,2,5,7,21,0,0,0,3,0,4,287,351.2,405.2,411.0,116.6,195,85,97,99
Ben,Davies,17,45,88,3.4,488711,261012,19.6,2276,1,2,9,30,0,0,0,5,0,3,422,455.6,179.7,230.0,86.9,126,201,182,186
Pierre-Emile,Højbjerg,17,48,100,3.0,659679,695714,20.8,2926,2,3,13,34,0,0,0,3,0,6,566,655.0,392.1,307.0,135.4,51,89,140,71
Harry,Winks,17,44,32,1.8,164037,189365,7.3,887,0,2,1,15,0,0,0,2,0,1,172,167.8,198.4,20.0,38.7,329,187,393,321
Davinson,Sánchez,17,42,69,3.5,551679,517990,16.4,1356,2,0,7,16,0,0,0,4,0,5,321,371.2,64.8,176.0,61.3,183,323,219,257
Ryan,Sessegnon,17,43,36,3.0,34947,24570,8.4,776,0,3,3,11,0,0,0,2,0,1,149,130.6,97.5,61.0,28.8,356,281,333,354
Steven,Bergwijn,17,59,53,2.3,153688,174695,9.0,513,3,2,3,6,0,0,0,1,0,3,137,163.4,100.7,267.0,53.0,334,276,165,287
Sergio,Reguilón,17,51,104,4.2,3340567,3119566,20.4,1914,2,4,9,25,0,0,0,4,0,9,438,468.8,459.9,362.0,129.3,120,65,119,80
Japhet,Tanganga,17,42,29,2.6,404689,418910,6.9,735,0,0,5,11,0,0,0,2,0,0,133,118.0,48.1,108.0,27.5,371,349,283,363
Giovani,Lo Celso,17,59,11,1.2,7998,18371,1.9,231,0,0,0,5,0,0,0,0,0,0,41,33.4,77.6,59.0,16.8,443,305,340,402
Oliver,Skipp,17,44,34,1.9,307575,310527,7.7,1346,0,0,8,13,0,0,0,6,0,0,180,183.8,151.5,39.0,37.4,313,231,371,326
Joe,Rodon,17,42,1,1.0,4039,10412,0.2,78,0,0,0,3,0,0,0,0,0,0,11,18.8,0.2,0.0,1.9,461,487,551,482
Tanguy,Ndombele,17,57,22,2.4,28911,46286,3.9,481,1,1,0,11,0,0,0,1,0,0,85,99.8,83.1,122.0,30.4,383,299,266,347
Pierluigi,Gollini,17,42,0,0.0,8314,19397,0.0,0,0,0,0,0,0,0,0,0,0,0,0,0.0,0.0,0.0,0.0,591,580,548,595
Bryan,Gil Salvatierra,17,57,9,1.0,5361,13717,1.6,86,0,0,0,1,0,0,0,0,0,0,32,22.8,37.3,25.0,8.5,453,369,382,441
Cristian,Romero,17,48,63,2.9,138422,78262,13.1,1844,1,0,5,25,0,0,0,8,0,10,385,498.8,98.9,102.0,69.9,113,278,288,236
Dane,Scarlett,17,45,1,1.0,502307,485820,0.2,3,0,0,0,0,0,0,0,0,0,0,4,1.0,0.0,0.0,0.1,508,672,659,514
Emerson Aparecido,Leite de Souza Junior,17,45,84,3.0,477553,320015,18.7,2031,1,1,7,26,0,0,0,5,0,8,417,430.0,411.9,241.0,108.4,141,81,176,117
Dilan,Markanday,17,45,0,0.0,1479,1560,0.0,0,0,0,0,0,0,0,0,0,0,0,0,0.0,0.0,0.0,0.0,645,641,627,647
Tobi,Omole,17,39,0,0.0,13704,10090,0.0,0,0,0,0,0,0,0,0,0,0,0,0,0.0,0.0,0.0,0.0,522,506,470,526
Brandon,Austin,17,40,0,0.0,3060,1844,0.0,0,0,0,0,0,0,0,0,0,0,0,0,0.0,0.0,0.0,0.0,542,529,494,546
Harvey,White,17,44,0,0.0,22653,21597,0.0,0,0,0,0,0,0,0,0,0,0,0,0,0.0,0.0,0.0,0.0,608,601,577,611
Dejan,Kulusevski,17,63,80,5.3,1690990,571661,12.7,1110,3,9,7,11,0,0,0,2,0,5,285,343.8,336.0,368.0,104.6,202,114,118,124
Rodrigo,Bentancur,17,49,32,2.3,17559,11887,6.5,1108,0,1,6,12,0,0,0,5,0,2,179,231.6,152.3,91.0,47.5,280,229,297,303
Alfie,Devine,17,45,0,0.0,264,172,0.0,0,0,0,0,0,0,0,0,0,0,0,0,0.0,0.0,0.0,0.0,683,680,667,683
Jamie,Bowden,17,45,0,0.0,165,75,0.0,0,0,0,0,0,0,0,0,0,0,0,0,0.0,0.0,0.0,0.0,643,638,624,644
Marcel,Lavinier,17,40,0,0.0,90,37,0.0,0,0,0,0,0,0,0,0,0,0,0,0,0.0,0.0,0.0,0.0,543,530,495,547
Matthew,Craig,17,45,0,0.0,24,7,0.0,0,0,0,0,0,0,0,0,0,0,0,0,0.0,0.0,0.0,0.0,665,661,649,666
Moussa,Sissoko,18,44,78,2.4,545849,500806,17.7,2950,2,1,3,66,0,0,0,5,0,1,377,531.0,495.9,298.0,132.6,101,56,145,75
Ben,Foster,18,42,71,3.0,1395715,1729712,16.9,2160,0,1,3,44,0,1,0,0,63,6,392,506.0,10.0,0.0,51.7,109,432,545,293
Danny,Rose,18,42,7,0.9,22066,60855,1.7,688,0,0,0,16,0,0,0,4,0,0,75,104.8,80.5,39.0,22.4,378,303,369,386
Dan,Gosling,18,47,1,1.0,2299,6240,0.2,21,0,0,0,2,0,0,0,0,0,0,3,2.6,0.3,0.0,0.3,495,483,678,508
Craig,Cathcart,18,42,49,1.7,68176,64916,11.7,2300,0,1,3,50,0,0,0,3,0,1,375,495.2,45.9,42.0,58.3,114,356,363,264
Troy,Deeney,18,54,2,1.0,36912,261519,0.4,23,0,0,0,1,0,0,0,0,0,0,5,2.2,10.6,14.0,2.7,499,430,410,471
Tom,Cleverley,18,48,46,1.7,23532,29385,9.6,1521,0,2,2,36,0,0,0,2,0,0,190,211.8,301.6,133.0,64.6,289,127,251,249
Francisco,Femenía Far,18,43,52,2.0,43373,45988,12.1,2053,0,5,2,47,0,0,0,2,0,1,375,404.0,393.9,36.0,83.7,159,87,374,191
Andre,Gray,18,54,0,0.0,5584,24332,0.0,0,0,0,0,0,0,0,0,0,0,0,0,0.0,0.0,0.0,0.0,713,712,710,713
Christian,Kabasele,18,43,14,1.1,3983,9408,3.3,920,0,0,0,23,0,0,0,0,0,0,131,194.2,16.2,15.0,22.6,301,407,407,384
Nathaniel,Chalobah,18,50,0,0.0,183,1512,0.0,0,0,0,0,0,0,0,0,0,0,0,0,0.0,0.0,0.0,0.0,704,704,697,704
William,Troost-Ekong,18,43,18,1.1,17401,23240,4.2,1388,0,0,0,30,0,0,0,3,0,0,171,252.6,14.1,17.0,28.4,259,413,403,356
Stipe,Perica,18,45,0,0.0,6250,270141,0.0,0,0,0,0,0,0,0,0,0,0,0,0,0.0,0.0,0.0,0.0,622,618,601,624
Daniel,Bachmann,18,40,22,2.0,375294,438150,5.5,990,0,0,0,26,0,0,0,0,41,0,175,300.6,0.0,0.0,30.2,227,526,491,348
Adam,Masina,18,43,13,1.1,7360,14235,3.0,883,0,0,0,20,0,0,0,0,0,0,122,164.6,103.1,24.0,29.3,332,272,384,351
Ken,Sema,18,52,19,1.3,2679,6114,3.7,584,0,0,1,10,0,0,0,1,0,0,51,65.2,63.6,43.0,17.1,410,325,362,399
Philip,Zinckernagel,18,55,0,0.0,0,489,0.0,0,0,0,0,0,0,0,0,0,0,0,0,0.0,0.0,0.0,0.0,721,719,718,721
Isaac,Success Ajayi,18,50,0,0.0,5401,40808,0.0,0,0,0,0,0,0,0,0,0,0,0,0,0.0,0.0,0.0,0.0,707,707,700,707
Ayotomiwa,Dele-Bashiru,18,45,0,0.0,0,3280,0.0,0,0,0,0,0,0,0,0,0,0,0,0,0.0,0.0,0.0,0.0,625,621,604,627
Ashley,Fletcher,18,48,3,1.0,41060,51328,0.6,28,0,0,0,0,0,0,0,0,0,0,5,9.0,0.5,20.0,3.0,477,479,395,468
Francisco,Sierralta,18,43,5,1.0,4277,15515,1.2,427,0,0,0,9,1,0,0,0,0,0,57,95.0,0.5,19.0,11.5,385,477,398,423
Domingos,Quina,18,45,0,0.0,1011,6801,0.0,0,0,0,0,0,0,0,0,0,0,0,0,0.0,0.0,0.0,0.0,634,630,614,636
Marc,Navarro,18,40,0,0.0,4081,47841,0.0,0,0,0,0,0,0,0,0,0,0,0,0,0.0,0.0,0.0,0.0,544,531,496,548
Ismaila,Sarr,18,57,81,3.7,1963200,2088846,14.2,1862,5,2,2,40,0,0,1,2,0,9,217,342.4,298.1,540.0,118.0,203,129,60,96
Jeremy,Ngakia,18,42,20,1.4,3602,6255,4.8,716,0,0,1,14,0,0,0,0,0,0,100,133.6,52.5,15.0,19.8,354,341,406,394
Ben,Wilmot,18,45,0,0.0,0,31,0.0,0,0,0,0,0,0,0,0,0,0,0,0,0.0,0.0,0.0,0.0,648,645,631,650
Joseph,Hungbo,18,45,0,0.0,113,2780,0.0,0,0,0,0,0,0,0,0,0,0,0,0,0.0,0.0,0.0,0.0,651,648,634,653
Imrân,Louza,18,52,31,1.6,133282,134951,6.0,1415,0,0,3,38,0,0,0,6,0,0,173,232.6,228.2,122.0,58.4,279,172,265,263
João Pedro,Junqueira de Jesus,18,54,50,2.0,145106,120470,9.3,1364,2,1,1,28,0,0,0,1,0,4,185,258.4,267.2,490.0,101.8,256,148,71,133
Kwadwo,Baah,18,43,0,0.0,18474,19441,0.0,0,0,0,0,0,0,0,0,0,0,0,0,0.0,0.0,0.0,0.0,600,591,563,604
Emmanuel,Dennis,18,59,134,4.1,6586338,4281508,22.7,2579,10,7,3,60,0,0,0,7,0,21,425,667.6,453.4,932.0,205.2,41,68,16,26
Matthew,Pollock,18,40,0,0.0,6812,50853,0.0,0,0,0,0,0,0,0,0,0,0,0,0,0.0,0.0,0.0,0.0,572,560,526,576
Oghenekaro Peter,Etebo,18,43,8,1.1,48928,53114,1.9,386,0,0,0,7,0,0,0,3,0,0,55,47.0,32.1,10.0,9.0,425,375,413,435
Joshua,King,18,56,85,2.7,1878336,1676220,15.2,2173,5,4,3,46,0,0,0,5,0,5,262,391.8,444.1,692.0,152.4,167,69,44,53
Adedapo,Awokoya-Mebude,18,45,0,0.0,0,14177,0.0,0,0,0,0,0,0,0,0,0,0,0,0,0.0,0.0,0.0,0.0,650,647,633,652
Juan Camilo,Hernández Suárez,18,49,61,2.5,682912,617020,12.4,1120,5,2,1,33,1,0,0,3,0,8,245,303.6,289.4,397.0,98.5,224,132,105,148
Juraj,Kucka,18,55,54,2.1,142769,135913,9.8,1917,1,2,2,34,1,0,0,3,0,2,218,304.8,164.2,353.0,82.1,223,216,122,195
Ozan,Tufan,18,50,10,1.4,2095,2299,2.0,334,0,0,0,9,0,0,0,0,0,0,22,18.2,53.1,23.0,9.0,464,340,388,436
Robert,Elliot,18,40,0,0.0,78653,54416,0.0,0,0,0,0,0,0,0,0,0,0,0,0,0.0,0.0,0.0,0.0,533,517,482,537
Nicolas,Nkoulou,18,44,5,1.7,1090,1121,1.1,167,0,0,0,2,0,0,0,0,0,0,27,23.4,10.7,0.0,3.5,451,429,565,462
James,Morris,18,40,0,0.0,5560,4367,0.0,0,0,0,0,0,0,0,0,0,0,0,0,0.0,0.0,0.0,0.0,552,539,504,556
Vincent,Angelini,18,40,0,0.0,27861,24913,0.0,0,0,0,0,0,0,0,0,0,0,0,0,0.0,0.0,0.0,0.0,590,578,544,594
Kamil,Conteh,18,45,0,0.0,14430,6894,0.0,0,0,0,0,0,0,0,0,0,0,0,0,0.0,0.0,0.0,0.0,672,668,655,672
Hassane,Kamara,18,45,36,2.1,32694,22010,8.0,1500,1,0,3,33,0,0,0,3,0,3,283,345.2,151.4,45.0,53.9,200,232,357,282
Samir,Caetano de Souza Santos,18,45,30,1.8,6860,5186,6.7,1494,0,0,3,34,0,0,0,3,0,0,238,271.8,24.2,121.0,41.8,251,392,267,313
Edo,Kayembe,18,45,17,1.7,4328,3794,3.8,536,0,0,1,11,0,0,0,0,0,1,95,77.0,72.1,19.0,16.8,396,314,399,401
Samuel,Kalu,18,49,2,1.0,559,450,0.4,46,0,0,0,1,0,0,0,0,0,0,6,4.2,1.4,7.0,1.3,489,460,427,492
Shaqai,Forde,18,45,0,0.0,31369,7899,0.0,0,0,0,0,0,0,0,0,0,0,0,0,0.0,0.0,0.0,0.0,690,687,674,690
Kurt,Zouma,19,54,64,2.9,194085,248111,11.9,1898,1,0,5,24,1,0,0,1,0,5,362,463.2,32.8,131.0,62.9,123,374,254,254
Mark,Noble,19,43,17,1.9,114746,127690,4.0,303,1,0,1,4,0,0,1,0,0,1,70,80.2,14.1,34.0,12.9,394,412,377,418
Darren,Randolph,19,43,0,0.0,4460,10759,0.0,0,0,0,0,0,0,0,0,0,0,0,0,0.0,0.0,0.0,0.0,596,585,554,600
Lukasz,Fabianski,19,50,126,3.6,412467,387355,25.2,3150,0,0,8,45,0,2,0,1,103,8,609,818.4,0.0,0.0,81.7,13,700,691,197
Angelo,Ogbonna,19,49,40,3.6,81586,90489,8.2,921,1,0,3,11,0,0,0,1,0,6,182,167.0,5.3,67.0,24.0,330,442,323,380
Winston,Reid,19,39,0,0.0,47813,137729,0.0,0,0,0,0,0,0,0,0,0,0,0,0,0.0,0.0,0.0,0.0,518,500,464,522
Aaron,Cresswell,19,54,113,3.9,1201827,1951879,20.9,2546,2,4,7,33,0,0,0,3,0,17,552,556.4,542.0,151.0,125.1,87,46,234,86
Andriy,Yarmolenko,19,51,23,1.4,10438,24757,4.5,293,1,0,1,3,0,0,0,1,0,0,67,75.2,62.9,150.0,28.5,399,329,237,355
Michail,Antonio,19,74,128,3.8,7545932,7713543,17.3,2795,9,9,7,38,0,0,1,6,0,13,406,591.8,595.7,1256.0,243.1,67,33,6,15
Craig,Dawson,19,49,88,2.8,206301,169599,18.0,2572,2,3,6,38,0,0,0,4,0,1,449,660.2,60.9,381.0,110.4,47,330,112,114
Ryan,Fredericks,19,44,7,1.0,5928,12478,1.6,303,0,0,0,6,0,0,0,1,0,0,38,29.6,31.6,4.0,6.6,446,378,434,445
Manuel,Lanzini,19,56,88,3.1,140279,129698,15.7,1621,5,3,4,25,0,0,0,2,0,8,421,412.2,359.6,201.0,97.5,152,100,205,150
Arthur,Masuaku,19,44,29,2.2,55462,53104,6.6,645,1,1,1,12,0,0,0,1,0,3,145,178.2,57.2,39.0,27.5,319,335,370,364
Vladimir,Coufal,19,47,71,2.7,721737,1460015,15.1,2037,0,4,6,32,0,0,0,2,0,3,371,412.4,331.4,161.0,90.2,151,116,227,174
Saïd,Benrahma,19,59,138,4.3,4287065,4243487,23.4,2162,8,6,9,27,0,0,0,0,0,15,441,561.0,476.4,737.0,177.6,81,60,35,36
Jarrod,Bowen,19,68,190,5.6,4422239,3597873,27.9,2807,10,17,8,41,0,0,0,5,0,21,541,753.0,614.8,1139.0,250.9,20,27,11,11
Declan,Rice,19,50,91,2.7,701270,767311,18.2,2998,1,4,8,44,0,0,0,8,0,7,567,712.0,390.2,275.0,138.1,29,91,157,69
Tomas,Soucek,19,57,111,3.4,401163,954175,19.5,2881,5,1,6,41,0,0,0,2,0,14,471,632.2,288.9,678.0,160.3,55,135,46,45
Pablo,Fornals,19,59,110,3.2,609622,587210,18.6,2625,6,3,8,34,0,0,0,4,0,5,450,535.2,672.6,531.0,173.9,100,16,62,37
Issa,Diop,19,42,30,2.3,52299,67632,7.1,961,0,1,2,19,0,0,0,0,0,2,203,225.6,21.3,44.0,29.1,281,397,359,352
Ben,Johnson,19,39,46,2.6,657691,571456,11.8,1387,1,0,3,17,0,0,0,1,0,1,230,307.2,176.1,39.0,52.3,221,204,368,290
Alphonse,Areola,19,47,2,2.0,143453,202495,0.4,90,0,0,0,1,0,0,0,0,2,0,11,20.4,0.0,0.0,2.0,456,691,679,481
Frederik,Alves,19,40,0,0.0,818,27816,0.0,0,0,0,0,0,0,0,0,0,0,0,0,0.0,0.0,0.0,0.0,575,563,529,579
Conor,Coventry,19,45,0,0.0,2225,7956,0.0,0,0,0,0,0,0,0,0,0,0,0,0,0.0,0.0,0.0,0.0,640,636,622,642
Jamal,Baptiste,19,39,0,0.0,27943,22876,0.0,0,0,0,0,0,0,0,0,0,0,0,0,0.0,0.0,0.0,0.0,532,516,481,536
Nikola,Vlasic,19,56,30,1.6,9932,9548,5.4,549,1,0,1,10,0,0,0,0,0,0,98,85.4,122.8,115.0,32.3,391,252,275,340
Alex,Kral,19,44,1,1.0,25284,22121,0.2,1,0,0,0,0,0,0,0,0,0,0,3,0.0,0.0,0.0,0.0,602,596,571,605
Harrison,Ashby,19,40,1,1.0,4649,3697,0.2,6,0,0,0,1,0,0,0,0,0,0,4,2.0,1.0,0.0,0.3,500,464,511,507
Sonny,Perkins,19,45,1,1.0,687,577,0.2,3,0,0,0,0,0,0,0,0,0,0,3,0.0,0.0,0.0,0.0,684,681,668,684
Ajibola,Alese,19,40,0,0.0,2591,1630,0.0,0,0,0,0,0,0,0,0,0,0,0,0,0.0,0.0,0.0,0.0,545,532,497,549
Armstrong,Oko-Flex,19,44,0,0.0,21898,21381,0.0,0,0,0,0,0,0,0,0,0,0,0,0,0.0,0.0,0.0,0.0,604,598,573,607
Pierre,Ekwah,19,40,0,0.0,903,601,0.0,0,0,0,0,0,0,0,0,0,0,0,0,0.0,0.0,0.0,0.0,567,555,521,571
Daniel,Chesters,19,45,1,1.0,315,177,0.2,1,0,0,0,0,0,0,0,0,0,0,3,0.0,0.0,0.0,0.0,657,653,639,658
João Filipe Iria,Santos Moutinho,20,49,89,2.8,225009,211539,18.2,2706,2,1,11,31,0,0,0,4,0,7,470,491.8,592.6,132.0,121.5,115,34,253,91
Rui Pedro,dos Santos Patrício,20,50,0,0.0,0,1792,0.0,0,0,0,0,0,0,0,0,0,0,0,0,0.0,0.0,0.0,0.0,700,701,692,700
Willy,Boly,20,49,14,2.0,12621,15482,2.9,630,0,0,1,11,0,0,0,1,0,0,115,129.4,15.9,25.0,17.1,358,408,381,398
Conor,Coady,20,48,136,3.9,2219944,1530953,28.3,3136,4,0,11,34,0,0,0,4,0,10,643,711.2,35.4,202.0,95.2,30,371,201,157
Raúl,Jiménez,20,75,92,3.0,3025173,2999624,12.3,2379,6,4,11,24,0,0,0,5,0,11,238,423.6,435.4,722.0,156.9,145,73,39,49
Romain,Saïss,20,48,109,3.5,861378,698253,22.7,2706,2,0,11,30,0,0,0,6,0,6,540,694.6,112.2,214.0,102.3,37,264,192,131
Fernando,Marçal,20,42,67,3.7,1024471,946075,16.0,1448,0,3,6,14,0,0,0,3,0,5,295,247.2,187.3,135.0,56.3,266,193,249,271
Jonathan,Castro Otto,20,45,35,3.5,98909,42718,7.8,752,2,0,2,13,0,0,0,1,0,2,134,181.0,137.4,122.0,44.0,316,239,263,310
Leander,Dendoncker,20,46,65,2.3,68513,64164,14.1,1766,1,3,5,21,0,0,0,4,0,3,279,297.2,174.2,224.0,69.7,231,205,186,238
Adama,Traoré,20,56,44,2.2,530240,580811,7.9,1069,1,1,5,10,0,0,0,0,0,0,168,192.0,271.1,300.0,76.6,303,147,144,210
Rúben Diogo,da Silva Neves,20,52,89,3.0,248076,308709,17.1,2389,4,2,9,25,0,0,0,9,0,7,462,584.2,379.7,227.0,119.1,71,96,183,93
Nélson,Cabral Semedo,20,48,94,3.8,621135,651357,19.6,2131,0,1,9,18,0,0,0,1,0,9,412,346.2,289.3,266.0,90.3,199,134,166,173
Daniel,Castelo Podence,20,55,69,2.8,132601,120155,12.5,1460,2,3,9,12,0,0,0,2,0,2,252,324.0,478.0,459.0,126.2,211,59,77,83
Max,Kilman,20,45,106,3.5,575331,462298,23.6,2688,1,1,10,25,0,0,0,3,0,5,536,587.8,68.8,207.0,86.5,69,316,197,187
Morgan,Gibbs-White,20,45,1,0.5,7872,34928,0.2,7,0,0,0,0,0,0,0,1,0,0,0,0.0,0.7,24.0,2.1,641,471,385,479
Pedro,Lomba Neto,20,62,9,0.9,14633,14100,1.5,293,0,0,0,9,0,0,0,3,0,0,41,38.4,130.3,128.0,29.5,439,243,256,350
Owen,Otasowie,20,45,0,0.0,1028,17229,0.0,0,0,0,0,0,0,0,0,0,0,0,0,0.0,0.0,0.0,0.0,652,649,635,654
Ki-Jana,Hoever,20,39,14,1.8,332921,377465,3.6,306,0,0,1,5,0,0,0,1,0,0,56,42.6,22.1,8.0,7.1,431,395,419,444
Andreas,Söndergaard,20,39,0,0.0,79399,105252,0.0,0,0,0,0,0,0,0,0,0,0,0,0,0.0,0.0,0.0,0.0,529,513,478,533
Fabio,Silva,20,56,29,1.4,59472,93953,5.2,546,0,1,0,7,0,0,0,0,0,0,43,21.0,47.2,254.0,31.2,454,352,171,345
Yerson,Mosquera Valdelamar,20,44,0,0.0,1465,2948,0.0,0,0,0,0,0,0,0,0,0,0,0,0,0.0,0.0,0.0,0.0,614,607,585,617
John,Ruddy,20,43,0,0.0,7384,14809,0.0,0,0,0,0,0,0,0,0,0,0,0,0,0.0,0.0,0.0,0.0,595,584,553,599
Francisco,Machado Mota de Castro Trincão,20,56,64,2.5,134033,157272,11.4,1309,2,1,7,14,0,0,0,0,0,2,192,238.0,246.8,390.0,87.5,276,162,107,185
Rayan,Ait Nouri,20,41,75,3.8,366817,314004,18.3,1556,0,4,7,17,0,0,0,4,0,7,319,315.8,285.9,141.0,74.5,217,137,244,218
José,Malheiro de Sá,20,52,145,4.1,1755924,1057762,27.9,3150,0,1,11,34,1,0,0,3,120,11,708,938.8,30.0,0.0,96.7,6,383,707,151
Patrick,Cutrone,20,50,0,0.0,1047,17124,0.0,0,0,0,0,0,0,0,0,0,0,0,0,0.0,0.0,0.0,0.0,708,708,701,708
Luke,Cundle,20,44,6,2.0,12005,11650,1.4,174,0,0,1,1,0,0,0,0,0,0,29,17.0,32.0,2.0,5.1,465,376,445,454
Chem,Campbell,20,44,1,1.0,40665,37609,0.2,12,0,0,0,0,0,0,0,0,0,0,5,2.0,1.7,2.0,0.6,501,457,446,503
Christian,Marques,20,40,0,0.0,24271,29261,0.0,0,0,0,0,0,0,0,0,0,0,0,0,0.0,0.0,0.0,0.0,574,562,528,578
Hee-Chan,Hwang,20,54,76,2.8,2100902,1863201,14.1,1652,5,1,7,17,0,0,0,2,0,11,287,317.4,254.6,417.0,98.6,216,156,93,147
Louie,Moulden,20,40,0,0.0,40045,36550,0.0,0,0,0,0,0,0,0,0,0,0,0,0,0.0,0.0,0.0,0.0,553,540,505,557
James,Storer,20,40,0,0.0,21968,14429,0.0,0,0,0,0,0,0,0,0,0,0,0,0,0.0,0.0,0.0,0.0,588,576,542,592
Hugo,Bueno,20,40,0,0.0,27882,24927,0.0,0,0,0,0,0,0,0,0,0,0,0,0,0.0,0.0,0.0,0.0,576,564,530,580
Bruno André,Cavaco Jordão,20,45,0,0.0,612,540,0.0,0,0,0,0,0,0,0,0,0,0,0,0,0.0,0.0,0.0,0.0,653,650,636,655
Toti António,Gomes,20,44,3,1.5,609,510,0.7,180,0,0,0,2,0,0,0,1,0,0,22,41.6,1.8,0.0,4.3,433,456,586,457
Dion,Sanderson,20,40,0,0.0,241,193,0.0,0,0,0,0,0,0,0,0,0,0,0,0,0.0,0.0,0.0,0.0,547,534,499,551
Ryan,Giles,20,45,0,0.0,86,62,0.0,0,0,0,0,0,0,0,0,0,0,0,0,0.0,0.0,0.0,0.0,644,639,625,645
Francisco Jorge,Tomás Oliveira,20,55,17,2.8,1038,750,3.1,68,0,3,0,0,0,0,0,0,0,2,52,71.2,57.8,75.0,20.4,404,334,316,392
